timeStamp,pl,accPL,lastPrice
2016-10-21 04:00:00,4,4,1407
2016-10-21 05:00:00,-2,2,1403
2016-10-21 06:00:00,1,3,1405
2016-10-21 07:00:00,0,3,1404
2016-10-24 01:00:00,6,9,1404
2016-10-24 02:00:00,6,15,1398
2016-10-24 03:00:00,-2,13,1392
2016-10-24 04:00:00,-3,10,1394
2016-10-24 05:00:00,-2,8,1397
2016-10-24 06:00:00,5,13,1399
2016-10-24 07:00:00,1,14,1394
2016-10-25 01:00:00,-16,-2,1393
2016-10-25 02:00:00,5,3,1409
2016-10-25 03:00:00,0,3,1404
2016-10-25 04:00:00,-3,0,1404
2016-10-25 05:00:00,-1,-1,1407
2016-10-25 06:00:00,4,3,1408
2016-10-25 07:00:00,1,4,1404
2016-10-26 01:00:00,-2,2,1403
2016-10-26 02:00:00,-11,-9,1405
2016-10-26 03:00:00,8,-1,1416
2016-10-26 04:00:00,-8,-9,1408
2016-10-26 05:00:00,6,-3,1416
2016-10-26 06:00:00,0,-3,1410
2016-10-26 07:00:00,0,-3,1410
2016-10-27 01:00:00,15,12,1410
2016-10-27 02:00:00,1,13,1395
2016-10-27 03:00:00,5,18,1394
2016-10-27 04:00:00,-1,17,1389
2016-10-27 05:00:00,-2,15,1390
2016-10-27 06:00:00,0,15,1392
2016-10-27 07:00:00,1,16,1392
2016-10-28 01:00:00,-8,8,1391
2016-10-28 02:00:00,-4,4,1399
2016-10-28 03:00:00,4,8,1403
2016-10-28 04:00:00,-5,3,1399
2016-10-28 05:00:00,2,5,1404
2016-10-28 06:00:00,-1,4,1402
2016-10-28 07:00:00,-2,2,1403
2016-10-31 01:00:00,9,11,1405
2016-10-31 02:00:00,-1,10,1396
2016-10-31 03:00:00,5,15,1397
2016-10-31 04:00:00,0,15,1392
2016-10-31 05:00:00,-1,14,1392
2016-10-31 06:00:00,3,17,1393
2016-10-31 07:00:00,0,17,1390
2016-11-01 01:00:00,11,28,1390
2016-11-01 02:00:00,7,35,1379
2016-11-01 03:00:00,2,37,1372
2016-11-01 04:00:00,-2,35,1370
2016-11-01 05:00:00,3,38,1372
2016-11-01 06:00:00,1,39,1369
2016-11-01 07:00:00,-1,38,1368
2016-11-02 01:00:00,13,51,1369
2016-11-02 02:00:00,-9,42,1356
2016-11-02 03:00:00,3,45,1365
2016-11-02 04:00:00,-14,31,1362
2016-11-02 05:00:00,1,32,1376
2016-11-02 06:00:00,-1,31,1375
2016-11-02 07:00:00,-1,30,1376
2016-11-04 01:00:00,17,47,1377
2016-11-04 02:00:00,4,51,1360
2016-11-04 03:00:00,-2,49,1356
2016-11-04 04:00:00,-7,42,1358
2016-11-04 05:00:00,0,42,1365
2016-11-04 06:00:00,3,45,1365
2016-11-04 07:00:00,-1,44,1362
2016-11-07 01:00:00,-27,17,1363
2016-11-07 02:00:00,-4,13,1390
2016-11-07 03:00:00,10,23,1394
2016-11-07 04:00:00,-12,11,1384
2016-11-07 05:00:00,9,20,1396
2016-11-07 06:00:00,-1,19,1387
2016-11-07 07:00:00,2,21,1388
2016-11-08 01:00:00,-1,20,1386
2016-11-08 02:00:00,6,26,1387
2016-11-08 03:00:00,6,32,1381
2016-11-08 04:00:00,-5,27,1375
2016-11-08 05:00:00,0,27,1380
2016-11-08 06:00:00,1,28,1380
2016-11-08 07:00:00,-1,27,1379
2016-11-09 01:00:00,-2,25,1380
2016-11-09 02:00:00,11,36,1382
2016-11-09 03:00:00,26,62,1371
2016-11-09 04:00:00,31,93,1345
2016-11-09 05:00:00,7,100,1314
2016-11-09 06:00:00,-1,99,1307
2016-11-09 07:00:00,0,99,1308
2016-11-10 01:00:00,-58,41,1308
2016-11-10 02:00:00,3,44,1366
2016-11-10 03:00:00,-6,38,1363
2016-11-10 04:00:00,-3,35,1369
2016-11-10 05:00:00,-2,33,1372
2016-11-10 06:00:00,-5,28,1374
2016-11-10 07:00:00,1,29,1379
2016-11-11 01:00:00,-9,20,1378
2016-11-11 02:00:00,0,20,1387
2016-11-11 03:00:00,15,35,1387
2016-11-11 04:00:00,-9,26,1372
2016-11-11 05:00:00,-4,22,1381
2016-11-11 06:00:00,-11,11,1385
2016-11-11 07:00:00,1,12,1396
2016-11-14 01:00:00,16,28,1395
2016-11-14 02:00:00,1,29,1411
2016-11-14 03:00:00,-9,20,1410
2016-11-14 04:00:00,-11,9,1401
2016-11-14 05:00:00,-7,2,1412
2016-11-14 06:00:00,-4,-2,1419
2016-11-14 07:00:00,-1,-3,1423
2016-11-15 01:00:00,17,14,1424
2016-11-15 02:00:00,-7,7,1407
2016-11-15 03:00:00,12,19,1414
2016-11-15 04:00:00,-6,13,1402
2016-11-15 05:00:00,1,14,1408
2016-11-15 06:00:00,-12,2,1407
2016-11-15 07:00:00,1,3,1419
2016-11-16 01:00:00,-52,-49,1418
2016-11-16 02:00:00,1,-48,1470
2016-11-16 03:00:00,2,-46,1469
2016-11-16 04:00:00,-1,-47,1467
2016-11-16 05:00:00,-2,-49,1468
2016-11-16 06:00:00,-4,-53,1470
2016-11-16 07:00:00,0,-53,1474
2016-11-17 01:00:00,22,-31,1474
2016-11-17 02:00:00,-16,-47,1452
2016-11-17 03:00:00,5,-42,1468
2016-11-17 04:00:00,1,-41,1463
2016-11-17 05:00:00,1,-40,1462
2016-11-17 06:00:00,-7,-47,1461
2016-11-17 07:00:00,1,-46,1468
2016-11-18 01:00:00,-10,-56,1467
2016-11-18 02:00:00,-3,-59,1477
2016-11-18 03:00:00,6,-53,1480
2016-11-18 04:00:00,0,-53,1474
2016-11-18 05:00:00,-3,-56,1474
2016-11-18 06:00:00,-3,-59,1477
2016-11-18 07:00:00,3,-56,1480
2016-11-21 01:00:00,-9,-65,1477
2016-11-21 02:00:00,4,-61,1486
2016-11-21 03:00:00,4,-57,1482
2016-11-21 04:00:00,-3,-60,1478
2016-11-21 05:00:00,-2,-62,1481
2016-11-21 06:00:00,2,-60,1483
2016-11-21 07:00:00,0,-60,1481
2016-11-22 01:00:00,-4,-64,1481
2016-11-22 02:00:00,-12,-76,1485
2016-11-22 03:00:00,5,-71,1497
2016-11-22 04:00:00,8,-63,1492
2016-11-22 05:00:00,-5,-68,1484
2016-11-22 06:00:00,0,-68,1489
2016-11-22 07:00:00,-1,-69,1489
2016-11-24 01:00:00,-23,-92,1490
2016-11-24 02:00:00,-2,-94,1513
2016-11-24 03:00:00,-1,-95,1515
2016-11-24 04:00:00,-1,-96,1516
2016-11-24 05:00:00,3,-93,1517
2016-11-24 06:00:00,3,-90,1514
2016-11-24 07:00:00,0,-90,1511
2016-11-25 01:00:00,-27,-117,1511
2016-11-25 02:00:00,6,-111,1538
2016-11-25 03:00:00,0,-111,1532
2016-11-25 04:00:00,9,-102,1532
2016-11-25 05:00:00,-2,-104,1523
2016-11-25 06:00:00,-4,-108,1525
2016-11-25 07:00:00,0,-108,1529
2016-11-28 01:00:00,-22,-130,1529
2016-11-28 02:00:00,-9,-139,1551
2016-11-28 03:00:00,4,-135,1560
2016-11-28 04:00:00,10,-125,1556
2016-11-28 05:00:00,-14,-139,1546
2016-11-28 06:00:00,0,-139,1560
2016-11-28 07:00:00,1,-138,1560
2016-11-29 01:00:00,4,-134,1559
2016-11-29 02:00:00,-1,-135,1555
2016-11-29 03:00:00,2,-133,1556
2016-11-29 04:00:00,-2,-135,1554
2016-11-29 05:00:00,0,-135,1556
2016-11-29 06:00:00,-2,-137,1556
2016-11-29 07:00:00,0,-137,1558
2016-11-30 01:00:00,-17,-154,1558
2016-11-30 02:00:00,0,-154,1575
2016-11-30 03:00:00,-1,-155,1575
2016-11-30 04:00:00,-2,-157,1576
2016-11-30 05:00:00,-1,-158,1578
2016-11-30 06:00:00,-2,-160,1579
2016-11-30 07:00:00,0,-160,1581
2016-12-01 01:00:00,-40,-200,1581
2016-12-01 02:00:00,-5,-205,1621
2016-12-01 03:00:00,5,-200,1626
2016-12-01 04:00:00,1,-199,1621
2016-12-01 05:00:00,1,-198,1620
2016-12-01 06:00:00,13,-185,1619
2016-12-01 07:00:00,-2,-187,1606
2016-12-02 01:00:00,4,-183,1608
2016-12-02 02:00:00,-4,-187,1604
2016-12-02 03:00:00,5,-182,1608
2016-12-02 04:00:00,-7,-189,1603
2016-12-02 05:00:00,2,-187,1610
2016-12-02 06:00:00,-8,-195,1608
2016-12-02 07:00:00,0,-195,1616
2016-12-05 01:00:00,28,-167,1616
2016-12-05 02:00:00,-5,-172,1588
2016-12-05 03:00:00,1,-171,1593
2016-12-05 04:00:00,-5,-176,1592
2016-12-05 05:00:00,-1,-177,1597
2016-12-05 06:00:00,3,-174,1598
2016-12-05 07:00:00,0,-174,1595
2016-12-06 01:00:00,-49,-223,1595
2016-12-06 02:00:00,2,-221,1644
2016-12-06 03:00:00,-3,-224,1642
2016-12-06 04:00:00,3,-221,1645
2016-12-06 05:00:00,2,-219,1642
2016-12-06 06:00:00,-1,-220,1640
2016-12-06 07:00:00,-2,-222,1641
2016-12-07 01:00:00,-18,-240,1643
2016-12-07 02:00:00,-1,-241,1661
2016-12-07 03:00:00,0,-241,1662
2016-12-07 04:00:00,-2,-243,1662
2016-12-07 05:00:00,-1,-244,1664
2016-12-07 06:00:00,-2,-246,1665
2016-12-07 07:00:00,-1,-247,1667
2016-12-08 01:00:00,-18,-265,1668
2016-12-08 02:00:00,12,-253,1686
2016-12-08 03:00:00,14,-239,1674
2016-12-08 04:00:00,-8,-247,1660
2016-12-08 05:00:00,-5,-252,1668
2016-12-08 06:00:00,-5,-257,1673
2016-12-08 07:00:00,3,-254,1678
2016-12-09 01:00:00,-11,-265,1675
2016-12-09 02:00:00,-1,-266,1686
2016-12-09 03:00:00,2,-264,1687
2016-12-09 04:00:00,2,-262,1685
2016-12-09 05:00:00,2,-260,1683
2016-12-09 06:00:00,-6,-266,1681
2016-12-09 07:00:00,1,-265,1687
2016-12-12 01:00:00,-13,-278,1686
2016-12-12 02:00:00,-6,-284,1699
2016-12-12 03:00:00,7,-277,1705
2016-12-12 04:00:00,7,-270,1698
2016-12-12 05:00:00,-4,-274,1691
2016-12-12 06:00:00,-1,-275,1695
2016-12-12 07:00:00,1,-274,1696
2016-12-13 01:00:00,27,-247,1695
2016-12-13 02:00:00,-16,-263,1668
2016-12-13 03:00:00,5,-258,1684
2016-12-13 04:00:00,6,-252,1679
2016-12-13 05:00:00,-8,-260,1673
2016-12-13 06:00:00,-1,-261,1681
2016-12-13 07:00:00,0,-261,1682
2016-12-14 01:00:00,14,-247,1682
2016-12-14 02:00:00,-3,-250,1668
2016-12-14 03:00:00,-2,-252,1671
2016-12-14 04:00:00,0,-252,1673
2016-12-14 05:00:00,1,-251,1673
2016-12-14 06:00:00,3,-248,1672
2016-12-14 07:00:00,2,-246,1669
2016-12-15 01:00:00,-4,-250,1667
2016-12-15 02:00:00,-6,-256,1671
2016-12-15 03:00:00,8,-248,1677
2016-12-15 04:00:00,4,-244,1669
2016-12-15 05:00:00,-10,-254,1665
2016-12-15 06:00:00,2,-252,1675
2016-12-15 07:00:00,0,-252,1673
2016-12-16 01:00:00,-6,-258,1673
2016-12-16 02:00:00,-5,-263,1679
2016-12-16 03:00:00,1,-262,1684
2016-12-16 04:00:00,-2,-264,1683
2016-12-16 05:00:00,-1,-265,1685
2016-12-16 06:00:00,2,-263,1686
2016-12-16 07:00:00,1,-262,1684
2016-12-19 01:00:00,-9,-271,1683
2016-12-19 02:00:00,-3,-274,1692
2016-12-19 03:00:00,0,-274,1695
2016-12-19 04:00:00,-1,-275,1695
2016-12-19 05:00:00,-2,-277,1696
2016-12-19 06:00:00,-3,-280,1698
2016-12-19 07:00:00,1,-279,1701
2016-12-20 01:00:00,-1,-280,1700
2016-12-20 02:00:00,-4,-284,1701
2016-12-20 03:00:00,-8,-292,1705
2016-12-20 04:00:00,-1,-293,1713
2016-12-20 05:00:00,-4,-297,1714
2016-12-20 06:00:00,-1,-298,1718
2016-12-20 07:00:00,1,-297,1719
2016-12-21 01:00:00,4,-293,1718
2016-12-21 02:00:00,0,-293,1714
2016-12-21 03:00:00,1,-292,1714
2016-12-21 04:00:00,0,-292,1713
2016-12-21 05:00:00,4,-288,1713
2016-12-21 06:00:00,9,-279,1709
2016-12-21 07:00:00,-1,-280,1700
2016-12-22 01:00:00,-18,-298,1701
2016-12-22 02:00:00,-26,-324,1719
2016-12-22 03:00:00,3,-321,1745
2016-12-22 04:00:00,1,-320,1742
2016-12-22 05:00:00,1,-319,1741
2016-12-22 06:00:00,-3,-322,1740
2016-12-22 07:00:00,-2,-324,1743
2016-12-26 01:00:00,0,-324,1745
2016-12-26 02:00:00,-2,-326,1745
2016-12-26 03:00:00,2,-324,1747
2016-12-26 04:00:00,3,-321,1745
2016-12-26 05:00:00,-1,-322,1742
2016-12-26 06:00:00,5,-317,1743
2016-12-26 07:00:00,1,-316,1738
2016-12-27 01:00:00,-7,-323,1737
2016-12-27 02:00:00,-5,-328,1744
2016-12-27 03:00:00,4,-324,1749
2016-12-27 04:00:00,-1,-325,1745
2016-12-27 05:00:00,7,-318,1746
2016-12-27 06:00:00,3,-315,1739
2016-12-27 07:00:00,2,-313,1736
2016-12-28 01:00:00,-6,-319,1734
2016-12-28 02:00:00,-1,-320,1740
2016-12-28 03:00:00,2,-318,1741
2016-12-28 04:00:00,-8,-326,1739
2016-12-28 05:00:00,-1,-327,1747
2016-12-28 06:00:00,9,-318,1748
2016-12-28 07:00:00,0,-318,1739
2016-12-29 01:00:00,50,-268,1739
2016-12-29 02:00:00,9,-259,1689
2016-12-29 03:00:00,-3,-262,1680
2016-12-29 04:00:00,0,-262,1683
2016-12-29 05:00:00,2,-260,1683
2016-12-29 06:00:00,-1,-261,1681
2016-12-29 07:00:00,1,-260,1682
2016-12-30 01:00:00,-6,-266,1681
2016-12-30 02:00:00,1,-265,1687
2016-12-30 03:00:00,3,-262,1686
2016-12-30 04:00:00,0,-262,1683
2016-12-30 05:00:00,1,-261,1683
2016-12-30 06:00:00,0,-261,1682
2016-12-30 07:00:00,0,-261,1682
2017-01-04 01:00:00,-51,-312,1682
2017-01-04 02:00:00,-8,-320,1733
2017-01-04 03:00:00,11,-309,1741
2017-01-04 04:00:00,-4,-313,1730
2017-01-04 05:00:00,-3,-316,1734
2017-01-04 06:00:00,0,-316,1737
2017-01-04 07:00:00,0,-316,1737
2017-01-05 01:00:00,-32,-348,1737
2017-01-05 02:00:00,-11,-359,1769
2017-01-05 03:00:00,2,-357,1780
2017-01-05 04:00:00,-8,-365,1778
2017-01-05 05:00:00,-2,-367,1786
2017-01-05 06:00:00,-3,-370,1788
2017-01-05 07:00:00,0,-370,1791
2017-01-06 01:00:00,-4,-374,1791
2017-01-06 02:00:00,6,-368,1795
2017-01-06 03:00:00,-1,-369,1789
2017-01-06 04:00:00,-4,-373,1790
2017-01-06 05:00:00,-1,-374,1794
2017-01-06 06:00:00,-2,-376,1795
2017-01-06 07:00:00,0,-376,1797
2017-01-10 01:00:00,8,-368,1797
2017-01-10 02:00:00,-11,-379,1789
2017-01-10 03:00:00,-3,-382,1800
2017-01-10 04:00:00,23,-359,1803
2017-01-10 05:00:00,-11,-370,1780
2017-01-10 06:00:00,0,-370,1791
2017-01-10 07:00:00,3,-367,1791
2017-01-11 01:00:00,-29,-396,1788
2017-01-11 02:00:00,-3,-399,1817
2017-01-11 03:00:00,7,-392,1820
2017-01-11 04:00:00,-2,-394,1813
2017-01-11 05:00:00,5,-389,1815
2017-01-11 06:00:00,0,-389,1810
2017-01-11 07:00:00,2,-387,1810
2017-01-12 01:00:00,13,-374,1808
2017-01-12 02:00:00,-7,-381,1795
2017-01-12 03:00:00,10,-371,1802
2017-01-12 04:00:00,11,-360,1792
2017-01-12 05:00:00,-6,-366,1781
2017-01-12 06:00:00,3,-363,1787
2017-01-12 07:00:00,0,-363,1784
2017-01-13 01:00:00,-24,-387,1784
2017-01-13 02:00:00,7,-380,1808
2017-01-13 03:00:00,5,-375,1801
2017-01-13 04:00:00,1,-374,1796
2017-01-13 05:00:00,10,-364,1795
2017-01-13 06:00:00,-7,-371,1785
2017-01-13 07:00:00,2,-369,1792
2017-01-16 01:00:00,23,-346,1790
2017-01-16 02:00:00,2,-344,1767
2017-01-16 03:00:00,5,-339,1765
2017-01-16 04:00:00,7,-332,1760
2017-01-16 05:00:00,-3,-335,1753
2017-01-16 06:00:00,4,-331,1756
2017-01-16 07:00:00,2,-329,1752
2017-01-17 01:00:00,40,-289,1750
2017-01-17 02:00:00,-17,-306,1710
2017-01-17 03:00:00,13,-293,1727
2017-01-17 04:00:00,10,-283,1714
2017-01-17 05:00:00,6,-277,1704
2017-01-17 06:00:00,0,-277,1698
2017-01-17 07:00:00,2,-275,1698
2017-01-18 01:00:00,14,-261,1696
2017-01-18 02:00:00,6,-255,1682
2017-01-18 03:00:00,-9,-264,1676
2017-01-18 04:00:00,1,-263,1685
2017-01-18 05:00:00,-2,-265,1684
2017-01-18 06:00:00,-13,-278,1686
2017-01-18 07:00:00,3,-275,1699
2017-01-19 01:00:00,-29,-304,1696
2017-01-19 02:00:00,-13,-317,1725
2017-01-19 03:00:00,19,-298,1738
2017-01-19 04:00:00,-1,-299,1719
2017-01-19 05:00:00,-4,-303,1720
2017-01-19 06:00:00,-1,-304,1724
2017-01-19 07:00:00,1,-303,1725
2017-01-20 01:00:00,4,-299,1724
2017-01-20 02:00:00,10,-289,1720
2017-01-20 03:00:00,2,-287,1710
2017-01-20 04:00:00,0,-287,1708
2017-01-20 05:00:00,5,-282,1708
2017-01-20 06:00:00,0,-282,1703
2017-01-20 07:00:00,1,-281,1703
2017-01-23 01:00:00,12,-269,1702
2017-01-23 02:00:00,-7,-276,1690
2017-01-23 03:00:00,-2,-278,1697
2017-01-23 04:00:00,-2,-280,1699
2017-01-23 05:00:00,-3,-283,1701
2017-01-23 06:00:00,8,-275,1704
2017-01-23 07:00:00,1,-274,1696
2017-01-24 01:00:00,-11,-285,1695
2017-01-24 02:00:00,-1,-286,1706
2017-01-24 03:00:00,2,-284,1707
2017-01-24 04:00:00,3,-281,1705
2017-01-24 05:00:00,3,-278,1702
2017-01-24 06:00:00,-8,-286,1699
2017-01-24 07:00:00,1,-285,1707
2017-01-25 01:00:00,1,-284,1706
2017-01-25 02:00:00,0,-284,1705
2017-01-25 03:00:00,3,-281,1705
2017-01-25 04:00:00,-5,-286,1702
2017-01-25 05:00:00,-1,-287,1707
2017-01-25 06:00:00,2,-285,1708
2017-01-25 07:00:00,-1,-286,1706
2017-01-26 01:00:00,10,-276,1707
2017-01-26 02:00:00,0,-276,1717
2017-01-26 03:00:00,-6,-282,1717
2017-01-26 04:00:00,-7,-289,1711
2017-01-26 05:00:00,4,-285,1718
2017-01-26 06:00:00,-3,-288,1714
2017-01-26 07:00:00,0,-288,1717
2017-01-27 01:00:00,13,-275,1717
2017-01-27 02:00:00,-3,-278,1704
2017-01-27 03:00:00,5,-273,1707
2017-01-27 04:00:00,4,-269,1702
2017-01-27 05:00:00,4,-265,1706
2017-01-27 06:00:00,2,-263,1702
2017-01-27 07:00:00,-1,-264,1700
2017-01-30 01:00:00,-8,-272,1701
2017-01-30 02:00:00,-1,-273,1709
2017-01-30 03:00:00,-3,-276,1710
2017-01-30 04:00:00,-8,-284,1707
2017-01-30 05:00:00,2,-282,1715
2017-01-30 06:00:00,4,-278,1713
2017-01-30 07:00:00,0,-278,1709
2017-01-31 01:00:00,8,-270,1709
2017-01-31 02:00:00,0,-270,1701
2017-01-31 03:00:00,0,-270,1701
2017-01-31 04:00:00,0,-270,1701
2017-01-31 05:00:00,2,-268,1701
2017-01-31 06:00:00,1,-267,1699
2017-01-31 07:00:00,-1,-268,1698
2017-02-01 01:00:00,2,-266,1699
2017-02-01 02:00:00,1,-265,1697
2017-02-01 03:00:00,-1,-266,1698
2017-02-01 04:00:00,0,-266,1699
2017-02-01 05:00:00,3,-263,1699
2017-02-01 06:00:00,-3,-266,1702
2017-02-01 07:00:00,1,-265,1705
2017-02-02 01:00:00,5,-260,1704
2017-02-02 02:00:00,-1,-261,1699
2017-02-02 03:00:00,-2,-263,1700
2017-02-02 04:00:00,5,-258,1702
2017-02-02 05:00:00,4,-254,1697
2017-02-02 06:00:00,2,-252,1693
2017-02-02 07:00:00,-1,-253,1691
2017-02-03 01:00:00,6,-247,1692
2017-02-03 02:00:00,8,-239,1698
2017-02-03 03:00:00,-7,-246,1690
2017-02-03 04:00:00,-10,-256,1683
2017-02-03 05:00:00,0,-256,1693
2017-02-03 06:00:00,0,-256,1693
2017-02-03 07:00:00,-2,-258,1693
2017-02-06 01:00:00,6,-252,1695
2017-02-06 02:00:00,1,-251,1689
2017-02-06 03:00:00,-2,-253,1688
2017-02-06 04:00:00,0,-253,1690
2017-02-06 05:00:00,-5,-258,1690
2017-02-06 06:00:00,-2,-260,1695
2017-02-06 07:00:00,1,-259,1697
2017-02-07 01:00:00,5,-254,1696
2017-02-07 02:00:00,2,-252,1691
2017-02-07 03:00:00,3,-249,1689
2017-02-07 04:00:00,-2,-251,1686
2017-02-07 05:00:00,-2,-253,1688
2017-02-07 06:00:00,2,-251,1690
2017-02-07 07:00:00,0,-251,1688
2017-02-08 01:00:00,6,-245,1688
2017-02-08 02:00:00,-2,-247,1682
2017-02-08 03:00:00,1,-246,1680
2017-02-08 04:00:00,3,-243,1679
2017-02-08 05:00:00,9,-234,1676
2017-02-08 06:00:00,9,-225,1685
2017-02-08 07:00:00,-1,-226,1694
2017-02-09 01:00:00,-11,-237,1693
2017-02-09 02:00:00,15,-222,1682
2017-02-09 03:00:00,-1,-223,1697
2017-02-09 04:00:00,2,-221,1696
2017-02-09 05:00:00,-2,-223,1698
2017-02-09 06:00:00,3,-220,1696
2017-02-09 07:00:00,1,-219,1699
2017-02-10 01:00:00,-141,-360,1700
2017-02-10 02:00:00,0,-360,1559
2017-02-10 03:00:00,-6,-366,1559
2017-02-10 04:00:00,2,-364,1553
2017-02-10 05:00:00,-3,-367,1555
2017-02-10 06:00:00,1,-366,1552
2017-02-10 07:00:00,-2,-368,1553
2017-02-13 01:00:00,28,-340,1551
2017-02-13 02:00:00,5,-335,1579
2017-02-13 03:00:00,5,-330,1584
2017-02-13 04:00:00,1,-329,1589
2017-02-13 05:00:00,0,-329,1590
2017-02-13 06:00:00,2,-327,1590
2017-02-13 07:00:00,0,-327,1592
2017-02-14 01:00:00,-45,-372,1592
2017-02-14 02:00:00,1,-371,1637
2017-02-14 03:00:00,2,-369,1636
2017-02-14 04:00:00,-2,-371,1634
2017-02-14 05:00:00,0,-371,1636
2017-02-14 06:00:00,4,-367,1636
2017-02-14 07:00:00,2,-365,1632
2017-02-15 01:00:00,6,-359,1630
2017-02-15 02:00:00,-11,-370,1624
2017-02-15 03:00:00,2,-368,1613
2017-02-15 04:00:00,1,-367,1615
2017-02-15 05:00:00,0,-367,1616
2017-02-15 06:00:00,3,-364,1616
2017-02-15 07:00:00,-1,-365,1613
2017-02-16 01:00:00,-2,-367,1612
2017-02-16 02:00:00,-3,-370,1610
2017-02-16 03:00:00,-6,-376,1607
2017-02-16 04:00:00,-6,-382,1601
2017-02-16 05:00:00,3,-379,1595
2017-02-16 06:00:00,2,-377,1598
2017-02-16 07:00:00,-1,-378,1600
2017-02-17 01:00:00,2,-376,1599
2017-02-17 02:00:00,5,-371,1601
2017-02-17 03:00:00,-4,-375,1606
2017-02-17 04:00:00,3,-372,1602
2017-02-17 05:00:00,-3,-375,1605
2017-02-17 06:00:00,-6,-381,1602
2017-02-17 07:00:00,0,-381,1596
2017-02-20 01:00:00,12,-369,1596
2017-02-20 02:00:00,-3,-372,1608
2017-02-20 03:00:00,0,-372,1605
2017-02-20 04:00:00,6,-366,1605
2017-02-20 05:00:00,0,-366,1611
2017-02-20 06:00:00,-1,-367,1611
2017-02-20 07:00:00,0,-367,1610
2017-02-21 01:00:00,2,-365,1610
2017-02-21 02:00:00,4,-361,1612
2017-02-21 03:00:00,-3,-364,1616
2017-02-21 04:00:00,2,-362,1613
2017-02-21 05:00:00,-3,-365,1615
2017-02-21 06:00:00,5,-360,1612
2017-02-21 07:00:00,0,-360,1617
2017-02-22 01:00:00,8,-352,1617
2017-02-22 02:00:00,-2,-354,1625
2017-02-22 03:00:00,1,-353,1623
2017-02-22 04:00:00,11,-342,1624
2017-02-22 05:00:00,-1,-343,1635
2017-02-22 06:00:00,1,-342,1634
2017-02-22 07:00:00,0,-342,1635
2017-02-23 01:00:00,-6,-348,1635
2017-02-23 02:00:00,-5,-353,1629
2017-02-23 03:00:00,9,-344,1624
2017-02-23 04:00:00,4,-340,1633
2017-02-23 05:00:00,5,-335,1637
2017-02-23 06:00:00,-2,-337,1642
2017-02-23 07:00:00,0,-337,1640
2017-02-24 01:00:00,-12,-349,1640
2017-02-24 02:00:00,3,-346,1628
2017-02-24 03:00:00,2,-344,1631
2017-02-24 04:00:00,4,-340,1633
2017-02-24 05:00:00,2,-338,1629
2017-02-24 06:00:00,0,-338,1631
2017-02-24 07:00:00,-2,-340,1631
2017-02-27 01:00:00,-9,-349,1629
2017-02-27 02:00:00,-5,-354,1620
2017-02-27 03:00:00,-2,-356,1615
2017-02-27 04:00:00,5,-351,1613
2017-02-27 05:00:00,-3,-354,1618
2017-02-27 06:00:00,-5,-359,1615
2017-02-27 07:00:00,0,-359,1610
2017-02-28 01:00:00,31,-328,1610
2017-02-28 02:00:00,7,-321,1641
2017-02-28 03:00:00,1,-320,1648
2017-02-28 04:00:00,4,-316,1649
2017-02-28 05:00:00,1,-315,1653
2017-02-28 06:00:00,-9,-324,1654
2017-02-28 07:00:00,-2,-326,1645
2017-03-01 01:00:00,10,-316,1643
2017-03-01 02:00:00,-10,-326,1653
2017-03-01 03:00:00,-2,-328,1643
2017-03-01 04:00:00,11,-317,1641
2017-03-01 05:00:00,9,-308,1652
2017-03-01 06:00:00,1,-307,1661
2017-03-01 07:00:00,1,-306,1662
2017-03-02 01:00:00,-8,-314,1663
2017-03-02 02:00:00,9,-305,1671
2017-03-02 03:00:00,4,-301,1662
2017-03-02 04:00:00,4,-297,1658
2017-03-02 05:00:00,0,-297,1654
2017-03-02 06:00:00,-1,-298,1654
2017-03-02 07:00:00,1,-297,1653
2017-03-03 01:00:00,11,-286,1654
2017-03-03 02:00:00,-11,-297,1665
2017-03-03 03:00:00,1,-296,1654
2017-03-03 04:00:00,-2,-298,1655
2017-03-03 05:00:00,-5,-303,1653
2017-03-03 06:00:00,2,-301,1648
2017-03-03 07:00:00,0,-301,1650
2017-03-06 01:00:00,14,-287,1650
2017-03-06 02:00:00,-1,-288,1664
2017-03-06 03:00:00,-5,-293,1663
2017-03-06 04:00:00,0,-293,1658
2017-03-06 05:00:00,-3,-296,1658
2017-03-06 06:00:00,0,-296,1655
2017-03-06 07:00:00,1,-295,1655
2017-03-07 01:00:00,5,-290,1656
2017-03-07 02:00:00,-4,-294,1661
2017-03-07 03:00:00,1,-293,1657
2017-03-07 04:00:00,-5,-298,1658
2017-03-07 05:00:00,0,-298,1653
2017-03-07 06:00:00,2,-296,1653
2017-03-07 07:00:00,2,-294,1655
2017-03-08 01:00:00,-4,-298,1657
2017-03-08 02:00:00,1,-297,1661
2017-03-08 03:00:00,-3,-300,1660
2017-03-08 04:00:00,7,-293,1657
2017-03-08 05:00:00,0,-293,1650
2017-03-08 06:00:00,2,-291,1650
2017-03-08 07:00:00,0,-291,1648
2017-03-09 01:00:00,-16,-307,1648
2017-03-09 02:00:00,-3,-310,1664
2017-03-09 03:00:00,-3,-313,1661
2017-03-09 04:00:00,16,-297,1658
2017-03-09 05:00:00,-2,-299,1674
2017-03-09 06:00:00,2,-297,1672
2017-03-09 07:00:00,0,-297,1674
2017-03-10 01:00:00,1,-296,1674
2017-03-10 02:00:00,0,-296,1675
2017-03-10 03:00:00,-4,-300,1675
2017-03-10 04:00:00,-4,-304,1671
2017-03-10 05:00:00,3,-301,1667
2017-03-10 06:00:00,-2,-303,1670
2017-03-10 07:00:00,-2,-305,1672
2017-03-13 01:00:00,4,-301,1670
2017-03-13 02:00:00,5,-296,1674
2017-03-13 03:00:00,-2,-298,1669
2017-03-13 04:00:00,-4,-302,1667
2017-03-13 05:00:00,-1,-303,1663
2017-03-13 06:00:00,-1,-304,1662
2017-03-13 07:00:00,-1,-305,1661
2017-03-14 01:00:00,3,-302,1660
2017-03-14 02:00:00,0,-302,1663
2017-03-14 03:00:00,3,-299,1663
2017-03-14 04:00:00,-2,-301,1666
2017-03-14 05:00:00,-2,-303,1664
2017-03-14 06:00:00,0,-303,1662
2017-03-14 07:00:00,0,-303,1662
2017-03-15 01:00:00,-1,-304,1662
2017-03-15 02:00:00,-3,-307,1661
2017-03-15 03:00:00,3,-304,1658
2017-03-15 04:00:00,-5,-309,1661
2017-03-15 05:00:00,0,-309,1656
2017-03-15 06:00:00,-2,-311,1656
2017-03-15 07:00:00,-2,-313,1654
2017-03-16 01:00:00,9,-304,1652
2017-03-16 02:00:00,-4,-308,1661
2017-03-16 03:00:00,3,-305,1657
2017-03-16 04:00:00,0,-305,1660
2017-03-16 05:00:00,-2,-307,1660
2017-03-16 06:00:00,6,-301,1658
2017-03-16 07:00:00,-1,-302,1664
2017-03-17 01:00:00,4,-298,1663
2017-03-17 02:00:00,-4,-302,1667
2017-03-17 03:00:00,-3,-305,1663
2017-03-17 04:00:00,6,-299,1660
2017-03-17 05:00:00,-4,-303,1666
2017-03-17 06:00:00,5,-298,1662
2017-03-17 07:00:00,2,-296,1667
2017-03-21 01:00:00,-10,-306,1669
2017-03-21 02:00:00,1,-305,1659
2017-03-21 03:00:00,3,-302,1660
2017-03-21 04:00:00,-5,-307,1663
2017-03-21 05:00:00,-1,-308,1658
2017-03-21 06:00:00,4,-304,1657
2017-03-21 07:00:00,-3,-307,1661
2017-03-22 01:00:00,-20,-327,1658
2017-03-22 02:00:00,-4,-331,1638
2017-03-22 03:00:00,-1,-332,1634
2017-03-22 04:00:00,-2,-334,1633
2017-03-22 05:00:00,0,-334,1631
2017-03-22 06:00:00,-10,-344,1631
2017-03-22 07:00:00,-1,-345,1621
2017-03-23 01:00:00,-2,-347,1620
2017-03-23 02:00:00,-4,-351,1618
2017-03-23 03:00:00,2,-349,1614
2017-03-23 04:00:00,-3,-352,1616
2017-03-23 05:00:00,-3,-355,1613
2017-03-23 06:00:00,0,-355,1610
2017-03-23 07:00:00,-1,-356,1610
2017-03-24 01:00:00,34,-322,1609
2017-03-24 02:00:00,-6,-328,1643
2017-03-24 03:00:00,1,-327,1637
2017-03-24 04:00:00,-11,-338,1638
2017-03-24 05:00:00,3,-335,1627
2017-03-24 06:00:00,2,-333,1630
2017-03-24 07:00:00,-1,-334,1632
2017-03-27 01:00:00,-21,-355,1631
2017-03-27 02:00:00,2,-353,1610
2017-03-27 03:00:00,-2,-355,1612
2017-03-27 04:00:00,2,-353,1610
2017-03-27 05:00:00,1,-352,1612
2017-03-27 06:00:00,0,-352,1613
2017-03-27 07:00:00,-2,-354,1613
2017-03-28 01:00:00,18,-336,1611
2017-03-28 02:00:00,-3,-339,1629
2017-03-28 03:00:00,2,-337,1626
2017-03-28 04:00:00,3,-334,1628
2017-03-28 05:00:00,2,-332,1631
2017-03-28 06:00:00,10,-322,1633
2017-03-28 07:00:00,0,-322,1643
2017-03-29 01:00:00,-24,-346,1643
2017-03-29 02:00:00,4,-342,1619
2017-03-29 03:00:00,0,-342,1623
2017-03-29 04:00:00,1,-341,1623
2017-03-29 05:00:00,8,-333,1624
2017-03-29 06:00:00,-2,-335,1632
2017-03-29 07:00:00,-1,-336,1630
2017-03-30 01:00:00,19,-317,1629
2017-03-30 02:00:00,-4,-321,1648
2017-03-30 03:00:00,-9,-330,1644
2017-03-30 04:00:00,6,-324,1635
2017-03-30 05:00:00,-11,-335,1641
2017-03-30 06:00:00,-2,-337,1630
2017-03-30 07:00:00,2,-335,1628
2017-03-31 01:00:00,8,-327,1630
2017-03-31 02:00:00,-6,-333,1638
2017-03-31 03:00:00,2,-331,1632
2017-03-31 04:00:00,-1,-332,1634
2017-03-31 05:00:00,-10,-342,1633
2017-03-31 06:00:00,-13,-355,1623
2017-03-31 07:00:00,-1,-356,1610
2017-04-03 01:00:00,2,-354,1609
2017-04-03 02:00:00,-1,-355,1611
2017-04-03 03:00:00,7,-348,1610
2017-04-03 04:00:00,4,-344,1617
2017-04-03 05:00:00,-5,-349,1621
2017-04-03 06:00:00,0,-349,1616
2017-04-03 07:00:00,0,-349,1616
2017-04-04 01:00:00,-12,-361,1616
2017-04-04 02:00:00,-6,-367,1604
2017-04-04 03:00:00,-2,-369,1598
2017-04-04 04:00:00,2,-367,1596
2017-04-04 05:00:00,6,-361,1598
2017-04-04 06:00:00,1,-360,1604
2017-04-04 07:00:00,-1,-361,1605
2017-04-05 01:00:00,29,-332,1604
2017-04-05 02:00:00,-7,-339,1633
2017-04-05 03:00:00,-1,-340,1626
2017-04-05 04:00:00,-3,-343,1625
2017-04-05 05:00:00,1,-342,1622
2017-04-05 06:00:00,1,-341,1623
2017-04-05 07:00:00,2,-339,1624
2017-04-06 01:00:00,-16,-355,1626
2017-04-06 02:00:00,2,-353,1610
2017-04-06 03:00:00,-11,-364,1612
2017-04-06 04:00:00,-12,-376,1601
2017-04-06 05:00:00,2,-374,1589
2017-04-06 06:00:00,-3,-377,1591
2017-04-06 07:00:00,-2,-379,1588
2017-04-07 01:00:00,16,-363,1586
2017-04-07 02:00:00,-7,-370,1602
2017-04-07 03:00:00,-5,-375,1595
2017-04-07 04:00:00,8,-367,1590
2017-04-07 05:00:00,1,-366,1598
2017-04-07 06:00:00,1,-365,1599
2017-04-07 07:00:00,0,-365,1600
2017-04-10 01:00:00,5,-360,1600
2017-04-10 02:00:00,0,-360,1605
2017-04-10 03:00:00,-4,-364,1605
2017-04-10 04:00:00,6,-358,1601
2017-04-10 05:00:00,11,-347,1607
2017-04-10 06:00:00,-1,-348,1618
2017-04-10 07:00:00,1,-347,1617
2017-04-11 01:00:00,-6,-353,1618
2017-04-11 02:00:00,-8,-361,1612
2017-04-11 03:00:00,-4,-365,1604
2017-04-11 04:00:00,-3,-368,1600
2017-04-11 05:00:00,-1,-369,1597
2017-04-11 06:00:00,4,-365,1596
2017-04-11 07:00:00,0,-365,1600
2017-04-12 01:00:00,-33,-398,1600
2017-04-12 02:00:00,6,-392,1567
2017-04-12 03:00:00,-4,-396,1573
2017-04-12 04:00:00,-7,-403,1569
2017-04-12 05:00:00,3,-400,1562
2017-04-12 06:00:00,-1,-401,1565
2017-04-12 07:00:00,-1,-402,1564
2017-04-13 01:00:00,-11,-413,1563
2017-04-13 02:00:00,0,-413,1552
2017-04-13 03:00:00,2,-411,1552
2017-04-13 04:00:00,4,-407,1554
2017-04-13 05:00:00,-1,-408,1558
2017-04-13 06:00:00,3,-405,1557
2017-04-13 07:00:00,1,-404,1560
2017-04-14 01:00:00,-11,-415,1561
2017-04-14 02:00:00,4,-411,1550
2017-04-14 03:00:00,-2,-413,1554
2017-04-14 04:00:00,-2,-415,1552
2017-04-14 05:00:00,-3,-418,1550
2017-04-14 06:00:00,-3,-421,1547
2017-04-14 07:00:00,-1,-422,1544
2017-04-17 01:00:00,-2,-424,1543
2017-04-17 02:00:00,5,-419,1541
2017-04-17 03:00:00,6,-413,1546
2017-04-17 04:00:00,4,-409,1552
2017-04-17 05:00:00,2,-407,1556
2017-04-17 06:00:00,2,-405,1558
2017-04-17 07:00:00,0,-405,1560
2017-04-18 01:00:00,15,-390,1560
2017-04-18 02:00:00,-4,-394,1575
2017-04-18 03:00:00,-1,-395,1571
2017-04-18 04:00:00,2,-393,1570
2017-04-18 05:00:00,2,-391,1572
2017-04-18 06:00:00,1,-390,1574
2017-04-18 07:00:00,-1,-391,1575
2017-04-19 01:00:00,5,-386,1574
2017-04-19 02:00:00,3,-383,1579
2017-04-19 03:00:00,4,-379,1582
2017-04-19 04:00:00,-4,-383,1586
2017-04-19 05:00:00,-8,-391,1582
2017-04-19 06:00:00,-1,-392,1574
2017-04-19 07:00:00,-1,-393,1573
2017-04-20 01:00:00,16,-377,1572
2017-04-20 02:00:00,3,-374,1588
2017-04-20 03:00:00,-3,-377,1591
2017-04-20 04:00:00,-1,-378,1588
2017-04-20 05:00:00,2,-376,1587
2017-04-20 06:00:00,-10,-386,1589
2017-04-20 07:00:00,1,-385,1579
2017-04-21 01:00:00,9,-376,1580
2017-04-21 02:00:00,3,-373,1589
2017-04-21 03:00:00,1,-372,1592
2017-04-21 04:00:00,-7,-379,1593
2017-04-21 05:00:00,6,-373,1586
2017-04-21 06:00:00,10,-363,1592
2017-04-21 07:00:00,-2,-365,1602
2017-04-24 01:00:00,12,-353,1600
2017-04-24 02:00:00,-7,-360,1612
2017-04-24 03:00:00,-2,-362,1605
2017-04-24 04:00:00,8,-354,1603
2017-04-24 05:00:00,-1,-355,1611
2017-04-24 06:00:00,5,-350,1610
2017-04-24 07:00:00,-1,-351,1615
2017-04-25 01:00:00,-9,-360,1614
2017-04-25 02:00:00,4,-356,1605
2017-04-25 03:00:00,1,-355,1609
2017-04-25 04:00:00,2,-353,1610
2017-04-25 05:00:00,2,-351,1612
2017-04-25 06:00:00,-1,-352,1614
2017-04-25 07:00:00,-1,-353,1613
2017-04-26 01:00:00,6,-347,1612
2017-04-26 02:00:00,-1,-348,1618
2017-04-26 03:00:00,2,-346,1617
2017-04-26 04:00:00,7,-339,1619
2017-04-26 05:00:00,3,-336,1626
2017-04-26 06:00:00,2,-334,1629
2017-04-26 07:00:00,0,-334,1631
2017-04-27 01:00:00,-3,-337,1631
2017-04-27 02:00:00,3,-334,1628
2017-04-27 03:00:00,1,-333,1631
2017-04-27 04:00:00,9,-324,1632
2017-04-27 05:00:00,1,-323,1641
2017-04-27 06:00:00,0,-323,1642
2017-04-27 07:00:00,-1,-324,1642
2017-04-28 01:00:00,-4,-328,1641
2017-04-28 02:00:00,0,-328,1637
2017-04-28 03:00:00,-3,-331,1637
2017-04-28 04:00:00,1,-330,1634
2017-04-28 05:00:00,0,-330,1635
2017-04-28 06:00:00,3,-327,1635
2017-04-28 07:00:00,0,-327,1638
2017-05-01 01:00:00,3,-324,1638
2017-05-01 02:00:00,1,-323,1641
2017-05-01 03:00:00,0,-323,1642
2017-05-01 04:00:00,4,-319,1642
2017-05-01 05:00:00,1,-318,1646
2017-05-01 06:00:00,1,-317,1647
2017-05-01 07:00:00,0,-317,1648
2017-05-02 01:00:00,13,-304,1648
2017-05-02 02:00:00,-10,-314,1661
2017-05-02 03:00:00,1,-313,1651
2017-05-02 04:00:00,-2,-315,1652
2017-05-02 05:00:00,0,-315,1650
2017-05-02 06:00:00,5,-310,1650
2017-05-02 07:00:00,-1,-311,1655
2017-05-08 01:00:00,29,-282,1654
2017-05-08 02:00:00,0,-282,1683
2017-05-08 03:00:00,2,-280,1683
2017-05-08 04:00:00,-3,-283,1685
2017-05-08 05:00:00,-3,-286,1682
2017-05-08 06:00:00,11,-275,1679
2017-05-08 07:00:00,0,-275,1690
2017-05-09 01:00:00,-4,-279,1690
2017-05-09 02:00:00,5,-274,1686
2017-05-09 03:00:00,-5,-279,1691
2017-05-09 04:00:00,2,-277,1686
2017-05-09 05:00:00,1,-276,1688
2017-05-09 06:00:00,1,-275,1689
2017-05-09 07:00:00,-1,-276,1690
2017-05-10 01:00:00,17,-259,1689
2017-05-10 02:00:00,1,-258,1706
2017-05-10 03:00:00,-4,-262,1707
2017-05-10 04:00:00,5,-257,1703
2017-05-10 05:00:00,-4,-261,1708
2017-05-10 06:00:00,5,-256,1704
2017-05-10 07:00:00,-1,-257,1709
2017-05-11 01:00:00,-12,-269,1708
2017-05-11 02:00:00,-8,-277,1696
2017-05-11 03:00:00,2,-275,1688
2017-05-11 04:00:00,-7,-282,1690
2017-05-11 05:00:00,2,-280,1683
2017-05-11 06:00:00,-1,-281,1685
2017-05-11 07:00:00,1,-280,1684
2017-05-12 01:00:00,-141,-421,1685
2017-05-12 02:00:00,2,-419,1544
2017-05-12 03:00:00,-7,-426,1546
2017-05-12 04:00:00,9,-417,1539
2017-05-12 05:00:00,-5,-422,1548
2017-05-12 06:00:00,7,-415,1543
2017-05-12 07:00:00,-2,-417,1550
2017-05-15 01:00:00,-46,-463,1548
2017-05-15 02:00:00,-1,-464,1502
2017-05-15 03:00:00,1,-463,1501
2017-05-15 04:00:00,4,-459,1502
2017-05-15 05:00:00,-6,-465,1506
2017-05-15 06:00:00,7,-458,1500
2017-05-15 07:00:00,-2,-460,1507
2017-05-16 01:00:00,-11,-471,1505
2017-05-16 02:00:00,-9,-480,1494
2017-05-16 03:00:00,-1,-481,1485
2017-05-16 04:00:00,9,-472,1484
2017-05-16 05:00:00,16,-456,1493
2017-05-16 06:00:00,-2,-458,1509
2017-05-16 07:00:00,0,-458,1507
2017-05-17 01:00:00,-14,-472,1507
2017-05-17 02:00:00,-10,-482,1493
2017-05-17 03:00:00,-1,-483,1483
2017-05-17 04:00:00,-2,-485,1482
2017-05-17 05:00:00,2,-483,1480
2017-05-17 06:00:00,2,-481,1482
2017-05-17 07:00:00,-2,-483,1484
2017-05-18 01:00:00,-31,-514,1482
2017-05-18 02:00:00,2,-512,1451
2017-05-18 03:00:00,0,-512,1453
2017-05-18 04:00:00,-2,-514,1453
2017-05-18 05:00:00,-1,-515,1451
2017-05-18 06:00:00,9,-506,1450
2017-05-18 07:00:00,-4,-510,1459
2017-05-19 01:00:00,8,-502,1455
2017-05-19 02:00:00,-2,-504,1463
2017-05-19 03:00:00,-5,-509,1461
2017-05-19 04:00:00,-5,-514,1456
2017-05-19 05:00:00,1,-513,1451
2017-05-19 06:00:00,0,-513,1452
2017-05-19 07:00:00,0,-513,1452
2017-05-22 01:00:00,-5,-518,1452
2017-05-22 02:00:00,-3,-521,1447
2017-05-22 03:00:00,-4,-525,1444
2017-05-22 04:00:00,6,-519,1440
2017-05-22 05:00:00,4,-515,1446
2017-05-22 06:00:00,-1,-516,1450
2017-05-22 07:00:00,-1,-517,1449
2017-05-23 01:00:00,-5,-522,1448
2017-05-23 02:00:00,-3,-525,1443
2017-05-23 03:00:00,-2,-527,1440
2017-05-23 04:00:00,6,-521,1438
2017-05-23 05:00:00,0,-521,1444
2017-05-23 06:00:00,-2,-523,1444
2017-05-23 07:00:00,-1,-524,1442
2017-05-24 01:00:00,-9,-533,1441
2017-05-24 02:00:00,-5,-538,1432
2017-05-24 03:00:00,-1,-539,1427
2017-05-24 04:00:00,3,-536,1426
2017-05-24 05:00:00,8,-528,1429
2017-05-24 06:00:00,5,-523,1437
2017-05-24 07:00:00,0,-523,1442
2017-05-25 01:00:00,-2,-525,1442
2017-05-25 02:00:00,7,-518,1440
2017-05-25 03:00:00,-8,-526,1447
2017-05-25 04:00:00,-3,-529,1439
2017-05-25 05:00:00,-1,-530,1436
2017-05-25 06:00:00,0,-530,1435
2017-05-25 07:00:00,-1,-531,1435
2017-05-26 01:00:00,-16,-547,1434
2017-05-26 02:00:00,1,-546,1418
2017-05-26 03:00:00,0,-546,1419
2017-05-26 04:00:00,2,-544,1419
2017-05-26 05:00:00,6,-538,1421
2017-05-26 06:00:00,-6,-544,1427
2017-05-26 07:00:00,0,-544,1421
2017-05-29 01:00:00,11,-533,1421
2017-05-29 02:00:00,2,-531,1432
2017-05-29 03:00:00,2,-529,1434
2017-05-29 04:00:00,-4,-533,1436
2017-05-29 05:00:00,-1,-534,1432
2017-05-29 06:00:00,-5,-539,1431
2017-05-29 07:00:00,0,-539,1426
2017-05-30 01:00:00,-7,-546,1426
2017-05-30 02:00:00,1,-545,1419
2017-05-30 03:00:00,-1,-546,1420
2017-05-30 04:00:00,7,-539,1419
2017-05-30 05:00:00,5,-534,1426
2017-05-30 06:00:00,4,-530,1431
2017-05-30 07:00:00,-1,-531,1435
2017-05-31 01:00:00,-7,-538,1434
2017-05-31 02:00:00,1,-537,1427
2017-05-31 03:00:00,7,-530,1428
2017-05-31 04:00:00,-8,-538,1435
2017-05-31 05:00:00,-5,-543,1427
2017-05-31 06:00:00,2,-541,1422
2017-05-31 07:00:00,1,-540,1424
2017-06-01 01:00:00,13,-527,1425
2017-06-01 02:00:00,5,-522,1438
2017-06-01 03:00:00,-1,-523,1443
2017-06-01 04:00:00,1,-522,1442
2017-06-01 05:00:00,2,-520,1443
2017-06-01 06:00:00,2,-518,1445
2017-06-01 07:00:00,-3,-521,1447
2017-06-02 01:00:00,8,-513,1444
2017-06-02 02:00:00,0,-513,1452
2017-06-02 03:00:00,-1,-514,1452
2017-06-02 04:00:00,-1,-515,1451
2017-06-02 05:00:00,1,-514,1450
2017-06-02 06:00:00,2,-512,1451
2017-06-02 07:00:00,-1,-513,1453
2017-06-05 01:00:00,-11,-524,1452
2017-06-05 02:00:00,0,-524,1441
2017-06-05 03:00:00,2,-522,1441
2017-06-05 04:00:00,7,-515,1443
2017-06-05 05:00:00,0,-515,1450
2017-06-05 06:00:00,2,-513,1450
2017-06-05 07:00:00,-2,-515,1452
2017-06-06 01:00:00,-3,-518,1450
2017-06-06 02:00:00,5,-513,1447
2017-06-06 03:00:00,-4,-517,1452
2017-06-06 04:00:00,-2,-519,1448
2017-06-06 05:00:00,1,-518,1446
2017-06-06 06:00:00,-6,-524,1447
2017-06-06 07:00:00,-1,-525,1441
2017-06-07 01:00:00,1,-524,1440
2017-06-07 02:00:00,-2,-526,1441
2017-06-07 03:00:00,1,-525,1439
2017-06-07 04:00:00,2,-523,1440
2017-06-07 05:00:00,9,-514,1442
2017-06-07 06:00:00,-1,-515,1451
2017-06-07 07:00:00,0,-515,1450
2017-06-08 01:00:00,1,-514,1450
2017-06-08 02:00:00,-8,-522,1451
2017-06-08 03:00:00,8,-514,1443
2017-06-08 04:00:00,-1,-515,1451
2017-06-08 05:00:00,2,-513,1450
2017-06-08 06:00:00,0,-513,1452
2017-06-08 07:00:00,-2,-515,1452
2017-06-09 01:00:00,0,-515,1450
2017-06-09 02:00:00,1,-514,1450
2017-06-09 03:00:00,-1,-515,1451
2017-06-09 04:00:00,1,-514,1450
2017-06-09 05:00:00,0,-514,1451
2017-06-09 06:00:00,1,-513,1451
2017-06-09 07:00:00,1,-512,1452
2017-06-12 01:00:00,-5,-517,1453
2017-06-12 02:00:00,0,-517,1448
2017-06-12 03:00:00,1,-516,1448
2017-06-12 04:00:00,2,-514,1449
2017-06-12 05:00:00,0,-514,1451
2017-06-12 06:00:00,-1,-515,1451
2017-06-12 07:00:00,0,-515,1450
2017-06-13 01:00:00,0,-515,1450
2017-06-13 02:00:00,1,-514,1450
2017-06-13 03:00:00,-2,-516,1451
2017-06-13 04:00:00,1,-515,1449
2017-06-13 05:00:00,0,-515,1450
2017-06-13 06:00:00,1,-514,1450
2017-06-13 07:00:00,-1,-515,1451
2017-06-14 01:00:00,0,-515,1450
2017-06-14 02:00:00,1,-514,1450
2017-06-14 03:00:00,-1,-515,1451
2017-06-14 04:00:00,0,-515,1450
2017-06-14 05:00:00,3,-512,1450
2017-06-14 06:00:00,-7,-519,1453
2017-06-14 07:00:00,-1,-520,1446
2017-06-15 01:00:00,-13,-533,1445
2017-06-15 02:00:00,-13,-546,1432
2017-06-15 03:00:00,4,-542,1419
2017-06-15 04:00:00,3,-539,1423
2017-06-15 05:00:00,-6,-545,1426
2017-06-15 06:00:00,-2,-547,1420
2017-06-15 07:00:00,0,-547,1418
2017-06-16 01:00:00,15,-532,1418
2017-06-16 02:00:00,-3,-535,1433
2017-06-16 03:00:00,2,-533,1430
2017-06-16 04:00:00,1,-532,1432
2017-06-16 05:00:00,11,-521,1433
2017-06-16 06:00:00,7,-514,1444
2017-06-16 07:00:00,0,-514,1451
2017-06-19 01:00:00,6,-508,1451
2017-06-19 02:00:00,15,-493,1457
2017-06-19 03:00:00,-3,-496,1472
2017-06-19 04:00:00,6,-490,1469
2017-06-19 05:00:00,29,-461,1475
2017-06-19 06:00:00,0,-461,1504
2017-06-19 07:00:00,0,-461,1504
2017-06-20 01:00:00,5,-456,1504
2017-06-20 02:00:00,4,-452,1509
2017-06-20 03:00:00,-1,-453,1513
2017-06-20 04:00:00,-1,-454,1512
2017-06-20 05:00:00,-1,-455,1511
2017-06-20 06:00:00,-5,-460,1510
2017-06-20 07:00:00,0,-460,1505
2017-06-21 01:00:00,-12,-472,1505
2017-06-21 02:00:00,-3,-475,1493
2017-06-21 03:00:00,-2,-477,1490
2017-06-21 04:00:00,0,-477,1488
2017-06-21 05:00:00,-1,-478,1488
2017-06-21 06:00:00,-8,-486,1487
2017-06-21 07:00:00,1,-485,1479
2017-06-22 01:00:00,0,-485,1480
2017-06-22 02:00:00,3,-482,1480
2017-06-22 03:00:00,-5,-487,1483
2017-06-22 04:00:00,2,-485,1478
2017-06-22 05:00:00,1,-484,1480
2017-06-22 06:00:00,-3,-487,1481
2017-06-22 07:00:00,-1,-488,1478
2017-06-23 01:00:00,2,-486,1477
2017-06-23 02:00:00,-5,-491,1479
2017-06-23 03:00:00,-3,-494,1474
2017-06-23 04:00:00,3,-491,1471
2017-06-23 05:00:00,-15,-506,1474
2017-06-23 06:00:00,-1,-507,1459
2017-06-23 07:00:00,0,-507,1458
2017-06-26 01:00:00,22,-485,1458
2017-06-26 02:00:00,-2,-487,1480
2017-06-26 03:00:00,1,-486,1478
2017-06-26 04:00:00,-9,-495,1479
2017-06-26 05:00:00,-3,-498,1470
2017-06-26 06:00:00,-2,-500,1467
2017-06-26 07:00:00,-2,-502,1465
2017-06-27 01:00:00,15,-487,1463
2017-06-27 02:00:00,-4,-491,1478
2017-06-27 03:00:00,-4,-495,1474
2017-06-27 04:00:00,4,-491,1470
2017-06-27 05:00:00,-2,-493,1474
2017-06-27 06:00:00,1,-492,1472
2017-06-27 07:00:00,-1,-493,1473
2017-06-28 01:00:00,5,-488,1472
2017-06-28 02:00:00,0,-488,1477
2017-06-28 03:00:00,-5,-493,1477
2017-06-28 04:00:00,1,-492,1472
2017-06-28 05:00:00,-1,-493,1473
2017-06-28 06:00:00,-2,-495,1472
2017-06-28 07:00:00,0,-495,1470
2017-06-29 01:00:00,26,-469,1470
2017-06-29 02:00:00,14,-455,1496
2017-06-29 03:00:00,5,-450,1510
2017-06-29 04:00:00,-1,-451,1515
2017-06-29 05:00:00,2,-449,1514
2017-06-29 06:00:00,1,-448,1516
2017-06-29 07:00:00,1,-447,1517
2017-06-30 01:00:00,-8,-455,1518
2017-06-30 02:00:00,-2,-457,1510
2017-06-30 03:00:00,4,-453,1508
2017-06-30 04:00:00,-4,-457,1512
2017-06-30 05:00:00,-3,-460,1508
2017-06-30 06:00:00,0,-460,1505
2017-06-30 07:00:00,0,-460,1505
2017-07-03 01:00:00,-6,-466,1505
2017-07-03 02:00:00,-5,-471,1499
2017-07-03 03:00:00,1,-470,1494
2017-07-03 04:00:00,7,-463,1495
2017-07-03 05:00:00,-6,-469,1502
2017-07-03 06:00:00,-4,-473,1496
2017-07-03 07:00:00,0,-473,1492
2017-07-04 01:00:00,0,-473,1492
2017-07-04 02:00:00,5,-468,1492
2017-07-04 03:00:00,-1,-469,1497
2017-07-04 04:00:00,-2,-471,1496
2017-07-04 05:00:00,-9,-480,1494
2017-07-04 06:00:00,0,-480,1485
2017-07-04 07:00:00,-2,-482,1485
2017-07-05 01:00:00,8,-474,1483
2017-07-05 02:00:00,-11,-485,1491
2017-07-05 03:00:00,2,-483,1480
2017-07-05 04:00:00,2,-481,1482
2017-07-05 05:00:00,3,-478,1484
2017-07-05 06:00:00,6,-472,1487
2017-07-05 07:00:00,-1,-473,1493
2017-07-06 01:00:00,-17,-490,1492
2017-07-06 02:00:00,14,-476,1475
2017-07-06 03:00:00,-1,-477,1489
2017-07-06 04:00:00,-6,-483,1488
2017-07-06 05:00:00,4,-479,1482
2017-07-06 06:00:00,4,-475,1486
2017-07-06 07:00:00,-1,-476,1490
2017-07-07 02:00:00,-1,-477,1489
2017-07-07 03:00:00,-3,-480,1488
2017-07-07 04:00:00,-2,-482,1485
2017-07-07 05:00:00,0,-482,1483
2017-07-07 06:00:00,1,-481,1483
2017-07-07 07:00:00,0,-481,1484
2017-07-10 01:00:00,-8,-489,1484
2017-07-10 02:00:00,-3,-492,1476
2017-07-10 03:00:00,-2,-494,1473
2017-07-10 04:00:00,0,-494,1471
2017-07-10 05:00:00,-1,-495,1471
2017-07-10 06:00:00,0,-495,1470
2017-07-10 07:00:00,-1,-496,1470
2017-07-11 01:00:00,-7,-503,1469
2017-07-11 02:00:00,-3,-506,1462
2017-07-11 03:00:00,-3,-509,1459
2017-07-11 04:00:00,2,-507,1456
2017-07-11 05:00:00,-2,-509,1458
2017-07-11 06:00:00,-2,-511,1456
2017-07-11 07:00:00,-1,-512,1454
2017-07-12 01:00:00,5,-507,1453
2017-07-12 02:00:00,-1,-508,1458
2017-07-12 03:00:00,-1,-509,1457
2017-07-12 04:00:00,1,-508,1456
2017-07-12 05:00:00,-1,-509,1457
2017-07-12 06:00:00,6,-503,1456
2017-07-12 07:00:00,-1,-504,1462
2017-07-13 01:00:00,-7,-511,1461
2017-07-13 02:00:00,-1,-512,1454
2017-07-13 03:00:00,-2,-514,1453
2017-07-13 04:00:00,-5,-519,1451
2017-07-13 05:00:00,3,-516,1446
2017-07-13 06:00:00,-2,-518,1449
2017-07-13 07:00:00,-1,-519,1447
2017-07-14 01:00:00,11,-508,1446
2017-07-14 02:00:00,5,-503,1457
2017-07-14 03:00:00,-3,-506,1462
2017-07-14 04:00:00,5,-501,1459
2017-07-14 05:00:00,-4,-505,1464
2017-07-14 06:00:00,1,-504,1460
2017-07-14 07:00:00,-1,-505,1461
2017-07-18 01:00:00,-11,-516,1460
2017-07-18 02:00:00,0,-516,1449
2017-07-18 03:00:00,0,-516,1449
2017-07-18 04:00:00,4,-512,1449
2017-07-18 05:00:00,-1,-513,1453
2017-07-18 06:00:00,2,-511,1452
2017-07-18 07:00:00,-2,-513,1454
2017-07-19 01:00:00,9,-504,1452
2017-07-19 02:00:00,3,-501,1461
2017-07-19 03:00:00,-1,-502,1464
2017-07-19 04:00:00,4,-498,1463
2017-07-19 05:00:00,-6,-504,1467
2017-07-19 06:00:00,4,-500,1461
2017-07-19 07:00:00,-2,-502,1465
2017-07-20 01:00:00,-14,-516,1463
2017-07-20 02:00:00,4,-512,1449
2017-07-20 03:00:00,-2,-514,1453
2017-07-20 04:00:00,3,-511,1451
2017-07-20 05:00:00,-2,-513,1454
2017-07-20 06:00:00,0,-513,1452
2017-07-20 07:00:00,-1,-514,1452
2017-07-21 01:00:00,-4,-518,1451
2017-07-21 02:00:00,-3,-521,1447
2017-07-21 03:00:00,1,-520,1444
2017-07-21 04:00:00,1,-519,1445
2017-07-21 05:00:00,1,-518,1446
2017-07-21 06:00:00,0,-518,1447
2017-07-21 07:00:00,0,-518,1447
2017-07-24 01:00:00,-6,-524,1447
2017-07-24 02:00:00,-4,-528,1441
2017-07-24 03:00:00,0,-528,1437
2017-07-24 04:00:00,0,-528,1437
2017-07-24 05:00:00,-2,-530,1437
2017-07-24 06:00:00,6,-524,1435
2017-07-24 07:00:00,0,-524,1441
2017-07-25 01:00:00,-6,-530,1441
2017-07-25 02:00:00,0,-530,1435
2017-07-25 03:00:00,0,-530,1435
2017-07-25 04:00:00,-2,-532,1435
2017-07-25 05:00:00,0,-532,1433
2017-07-25 06:00:00,-1,-533,1433
2017-07-25 07:00:00,0,-533,1432
2017-07-26 01:00:00,8,-525,1432
2017-07-26 02:00:00,7,-518,1440
2017-07-26 03:00:00,-1,-519,1447
2017-07-26 04:00:00,-2,-521,1446
2017-07-26 05:00:00,4,-517,1444
2017-07-26 06:00:00,7,-510,1448
2017-07-26 07:00:00,1,-509,1455
2017-07-27 01:00:00,-5,-514,1456
2017-07-27 02:00:00,0,-514,1451
2017-07-27 03:00:00,-2,-516,1451
2017-07-27 04:00:00,2,-514,1449
2017-07-27 05:00:00,6,-508,1451
2017-07-27 06:00:00,-9,-517,1457
2017-07-27 07:00:00,0,-517,1448
2017-07-28 01:00:00,21,-496,1448
2017-07-28 02:00:00,-3,-499,1469
2017-07-28 03:00:00,-3,-502,1466
2017-07-28 04:00:00,-5,-507,1463
2017-07-28 05:00:00,1,-506,1458
2017-07-28 06:00:00,3,-503,1459
2017-07-28 07:00:00,1,-502,1462
2017-07-31 01:00:00,-13,-515,1463
2017-07-31 02:00:00,-3,-518,1450
2017-07-31 03:00:00,-1,-519,1447
2017-07-31 04:00:00,7,-512,1446
2017-07-31 05:00:00,1,-511,1453
2017-07-31 06:00:00,-3,-514,1454
2017-07-31 07:00:00,0,-514,1451
