timeStamp,pl,accPL,lastPrice
2016-08-10 10:00:00,-30,-30,16740
2016-08-10 11:00:00,0,-30,16710
2016-08-10 12:00:00,0,-30,16710
2016-08-10 13:00:00,-20,-50,16710
2016-08-10 14:00:00,0,-50,16690
2016-08-10 15:00:00,10,-40,16690
2016-08-10 16:00:00,-20,-60,16700
2016-08-10 17:00:00,-10,-70,16680
2016-08-10 18:00:00,0,-70,16670
2016-08-10 19:00:00,0,-70,16670
2016-08-10 20:00:00,-20,-90,16670
2016-08-10 21:00:00,0,-90,16650
2016-08-12 00:00:00,160,70,16650
2016-08-12 01:00:00,50,120,16810
2016-08-12 02:00:00,-10,110,16860
2016-08-12 03:00:00,-10,100,16850
2016-08-12 04:00:00,40,140,16840
2016-08-12 05:00:00,20,160,16880
2016-08-12 06:00:00,0,160,16900
2016-08-12 07:00:00,20,180,16900
2016-08-12 08:00:00,-30,150,16920
2016-08-12 09:00:00,-20,130,16890
2016-08-12 10:00:00,20,150,16870
2016-08-12 11:00:00,0,150,16890
2016-08-12 12:00:00,0,150,16890
2016-08-12 13:00:00,100,250,16890
2016-08-12 14:00:00,0,250,16790
2016-08-12 15:00:00,0,250,16790
2016-08-12 16:00:00,-10,240,16790
2016-08-12 17:00:00,10,250,16780
2016-08-12 18:00:00,0,250,16790
2016-08-12 19:00:00,-20,230,16790
2016-08-12 20:00:00,-10,220,16810
2016-08-12 21:00:00,20,240,16800
2016-08-15 00:00:00,30,270,16820
2016-08-15 01:00:00,30,300,16850
2016-08-15 02:00:00,30,330,16880
2016-08-15 03:00:00,-10,320,16910
2016-08-15 04:00:00,70,390,16920
2016-08-15 05:00:00,20,410,16850
2016-08-15 06:00:00,30,440,16870
2016-08-15 07:00:00,30,470,16840
2016-08-15 08:00:00,0,470,16870
2016-08-15 09:00:00,-20,450,16860
2016-08-15 10:00:00,0,450,16840
2016-08-15 11:00:00,-10,440,16840
2016-08-15 12:00:00,0,440,16850
2016-08-15 13:00:00,0,440,16850
2016-08-15 14:00:00,0,440,16860
2016-08-15 15:00:00,-10,430,16860
2016-08-15 16:00:00,0,430,16870
2016-08-15 17:00:00,10,440,16880
2016-08-15 18:00:00,-10,430,16890
2016-08-15 19:00:00,0,430,16880
2016-08-15 20:00:00,0,430,16880
2016-08-15 21:00:00,-10,420,16880
2016-08-16 00:00:00,10,430,16870
2016-08-16 01:00:00,-50,380,16880
2016-08-16 02:00:00,-30,350,16830
2016-08-16 03:00:00,90,440,16800
2016-08-16 04:00:00,40,480,16710
2016-08-16 05:00:00,-40,440,16670
2016-08-16 06:00:00,0,440,16710
2016-08-16 07:00:00,10,450,16590
2016-08-16 08:00:00,-20,430,16600
2016-08-16 09:00:00,-10,420,16580
2016-08-16 10:00:00,10,430,16570
2016-08-16 11:00:00,-10,420,16580
2016-08-16 12:00:00,-20,400,16570
2016-08-16 13:00:00,-10,390,16550
2016-08-16 14:00:00,50,440,16540
2016-08-16 15:00:00,0,440,16590
2016-08-16 16:00:00,0,440,16590
2016-08-16 17:00:00,0,440,16590
2016-08-16 18:00:00,-40,400,16590
2016-08-16 19:00:00,-10,390,16550
2016-08-16 20:00:00,10,400,16560
2016-08-16 21:00:00,30,430,16550
2016-08-17 00:00:00,-10,420,16580
2016-08-17 01:00:00,70,490,16590
2016-08-17 02:00:00,-20,470,16660
2016-08-17 03:00:00,20,490,16680
2016-08-17 04:00:00,20,510,16660
2016-08-17 05:00:00,10,520,16680
2016-08-17 06:00:00,-40,480,16690
2016-08-17 07:00:00,-20,460,16730
2016-08-17 08:00:00,90,550,16750
2016-08-17 09:00:00,0,550,16660
2016-08-17 10:00:00,20,570,16660
2016-08-17 11:00:00,20,590,16680
2016-08-17 12:00:00,10,600,16660
2016-08-17 13:00:00,0,600,16650
2016-08-17 14:00:00,-70,530,16660
2016-08-17 15:00:00,-20,510,16590
2016-08-17 16:00:00,-10,500,16570
2016-08-17 17:00:00,40,540,16560
2016-08-17 18:00:00,10,550,16600
2016-08-17 19:00:00,-20,530,16610
2016-08-17 20:00:00,-10,520,16630
2016-08-17 21:00:00,-30,490,16640
2016-08-18 00:00:00,60,550,16670
2016-08-18 01:00:00,50,600,16610
2016-08-18 02:00:00,-10,590,16660
2016-08-18 03:00:00,60,650,16650
2016-08-18 04:00:00,120,770,16710
2016-08-18 05:00:00,10,780,16590
2016-08-18 06:00:00,-100,680,16580
2016-08-18 07:00:00,20,700,16480
2016-08-18 08:00:00,-20,680,16500
2016-08-18 09:00:00,0,680,16520
2016-08-18 10:00:00,30,710,16520
2016-08-18 11:00:00,-10,700,16550
2016-08-18 12:00:00,-20,680,16540
2016-08-18 13:00:00,20,700,16520
2016-08-18 14:00:00,-10,690,16540
2016-08-18 15:00:00,10,700,16530
2016-08-18 16:00:00,30,730,16540
2016-08-18 17:00:00,-20,710,16510
2016-08-18 18:00:00,10,720,16490
2016-08-18 19:00:00,-10,710,16500
2016-08-18 20:00:00,-20,690,16510
2016-08-18 21:00:00,-20,670,16530
2016-08-19 00:00:00,-10,660,16550
2016-08-19 01:00:00,-10,650,16560
2016-08-19 02:00:00,-50,600,16550
2016-08-19 03:00:00,20,620,16500
2016-08-19 04:00:00,60,680,16480
2016-08-19 05:00:00,10,690,16540
2016-08-19 06:00:00,30,720,16550
2016-08-19 07:00:00,0,720,16520
2016-08-19 08:00:00,-50,670,16520
2016-08-19 09:00:00,10,680,16470
2016-08-19 10:00:00,10,690,16460
2016-08-19 11:00:00,-10,680,16470
2016-08-19 12:00:00,0,680,16460
2016-08-19 13:00:00,0,680,16460
2016-08-19 14:00:00,0,680,16460
2016-08-19 15:00:00,-40,640,16420
2016-08-19 16:00:00,-20,620,16460
2016-08-19 17:00:00,20,640,16480
2016-08-19 18:00:00,0,640,16460
2016-08-19 19:00:00,10,650,16460
2016-08-19 20:00:00,10,660,16470
2016-08-19 21:00:00,-30,630,16480
2016-08-22 00:00:00,80,710,16510
2016-08-22 01:00:00,40,750,16590
2016-08-22 02:00:00,30,780,16550
2016-08-22 03:00:00,-40,740,16580
2016-08-22 04:00:00,40,780,16540
2016-08-22 05:00:00,-10,770,16580
2016-08-22 06:00:00,0,770,16570
2016-08-22 07:00:00,0,770,16570
2016-08-22 08:00:00,-20,750,16570
2016-08-22 09:00:00,0,750,16590
2016-08-22 10:00:00,20,770,16590
2016-08-22 11:00:00,-40,730,16570
2016-08-22 12:00:00,-10,720,16530
2016-08-22 13:00:00,-30,690,16520
2016-08-22 14:00:00,20,710,16490
2016-08-22 15:00:00,-20,690,16510
2016-08-22 16:00:00,20,710,16530
2016-08-22 17:00:00,10,720,16510
2016-08-22 18:00:00,-10,710,16520
2016-08-22 19:00:00,0,710,16530
2016-08-22 20:00:00,0,710,16530
2016-08-22 21:00:00,10,720,16530
2016-08-23 00:00:00,-10,710,16520
2016-08-23 01:00:00,20,730,16530
2016-08-23 02:00:00,-40,690,16510
2016-08-23 03:00:00,10,700,16550
2016-08-23 04:00:00,-40,660,16540
2016-08-23 05:00:00,-100,560,16580
2016-08-23 06:00:00,-10,550,16480
2016-08-23 07:00:00,40,590,16470
2016-08-23 08:00:00,-10,580,16510
2016-08-23 09:00:00,30,610,16500
2016-08-23 10:00:00,10,620,16530
2016-08-23 11:00:00,0,620,16520
2016-08-23 12:00:00,-10,610,16520
2016-08-23 13:00:00,-10,600,16510
2016-08-23 14:00:00,-30,570,16520
2016-08-23 15:00:00,0,570,16550
2016-08-23 16:00:00,0,570,16550
2016-08-23 17:00:00,0,570,16540
2016-08-23 18:00:00,-10,560,16540
2016-08-23 19:00:00,10,570,16530
2016-08-23 20:00:00,0,570,16540
2016-08-23 21:00:00,10,580,16540
2016-08-24 00:00:00,-30,550,16550
2016-08-24 01:00:00,40,590,16580
2016-08-24 02:00:00,70,660,16620
2016-08-24 03:00:00,-10,650,16550
2016-08-24 04:00:00,-20,630,16560
2016-08-24 05:00:00,-10,620,16580
2016-08-24 06:00:00,0,620,16570
2016-08-24 07:00:00,-30,590,16570
2016-08-24 08:00:00,0,590,16540
2016-08-24 09:00:00,0,590,16540
2016-08-24 10:00:00,0,590,16540
2016-08-24 11:00:00,0,590,16540
2016-08-24 12:00:00,0,590,16550
2016-08-24 13:00:00,20,610,16540
2016-08-24 14:00:00,-10,600,16560
2016-08-24 15:00:00,0,600,16550
2016-08-24 16:00:00,0,600,16550
2016-08-24 17:00:00,10,610,16550
2016-08-24 18:00:00,0,610,16560
2016-08-24 19:00:00,0,610,16550
2016-08-24 20:00:00,-10,600,16550
2016-08-24 21:00:00,0,600,16560
2016-08-25 00:00:00,-10,590,16560
2016-08-25 01:00:00,40,630,16570
2016-08-25 02:00:00,10,640,16530
2016-08-25 03:00:00,-80,560,16540
2016-08-25 04:00:00,60,620,16620
2016-08-25 05:00:00,0,620,16560
2016-08-25 06:00:00,0,620,16560
2016-08-25 07:00:00,20,640,16540
2016-08-25 08:00:00,-10,630,16520
2016-08-25 09:00:00,-20,610,16510
2016-08-25 10:00:00,10,620,16490
2016-08-25 11:00:00,-10,610,16500
2016-08-25 12:00:00,10,620,16490
2016-08-25 13:00:00,0,620,16500
2016-08-25 14:00:00,0,620,16500
2016-08-25 15:00:00,0,620,16500
2016-08-25 16:00:00,0,620,16510
2016-08-25 17:00:00,0,620,16510
2016-08-25 18:00:00,10,630,16510
2016-08-25 19:00:00,0,630,16500
2016-08-25 20:00:00,0,630,16500
2016-08-25 21:00:00,20,650,16490
2016-08-26 00:00:00,20,670,16510
2016-08-26 01:00:00,-120,550,16490
2016-08-26 02:00:00,20,570,16370
2016-08-26 03:00:00,10,580,16390
2016-08-26 04:00:00,-30,550,16400
2016-08-26 05:00:00,80,630,16370
2016-08-26 06:00:00,-90,540,16450
2016-08-26 07:00:00,40,580,16360
2016-08-26 08:00:00,-10,570,16400
2016-08-26 09:00:00,0,570,16390
2016-08-26 10:00:00,10,580,16390
2016-08-26 11:00:00,10,590,16400
2016-08-26 12:00:00,-10,580,16410
2016-08-26 13:00:00,0,580,16400
2016-08-26 14:00:00,40,620,16400
2016-08-26 15:00:00,-50,570,16440
2016-08-26 16:00:00,-10,560,16490
2016-08-26 17:00:00,0,560,16500
2016-08-26 18:00:00,20,580,16500
2016-08-26 19:00:00,-30,550,16520
2016-08-26 20:00:00,30,580,16550
2016-08-26 21:00:00,-10,570,16580
2016-08-29 00:00:00,-80,490,16590
2016-08-29 01:00:00,-40,450,16670
2016-08-29 02:00:00,-10,440,16710
2016-08-29 03:00:00,-40,400,16720
2016-08-29 04:00:00,10,410,16760
2016-08-29 05:00:00,0,410,16750
2016-08-29 06:00:00,0,410,16750
2016-08-29 07:00:00,-10,400,16740
2016-08-29 08:00:00,-30,370,16730
2016-08-29 09:00:00,10,380,16700
2016-08-29 10:00:00,20,400,16710
2016-08-29 11:00:00,10,410,16690
2016-08-29 12:00:00,10,420,16700
2016-08-29 13:00:00,-10,410,16710
2016-08-29 14:00:00,-20,390,16720
2016-08-29 15:00:00,10,400,16740
2016-08-29 16:00:00,10,410,16730
2016-08-29 17:00:00,-10,400,16740
2016-08-29 18:00:00,30,430,16750
2016-08-29 19:00:00,0,430,16720
2016-08-29 20:00:00,0,430,16720
2016-08-29 21:00:00,-10,420,16710
2016-08-30 00:00:00,0,420,16700
2016-08-30 01:00:00,0,420,16700
2016-08-30 02:00:00,-20,400,16720
2016-08-30 03:00:00,0,400,16740
2016-08-30 04:00:00,0,400,16740
2016-08-30 05:00:00,10,410,16730
2016-08-30 06:00:00,0,410,16740
2016-08-30 07:00:00,0,410,16740
2016-08-30 08:00:00,0,410,16740
2016-08-30 09:00:00,0,410,16790
2016-08-30 10:00:00,0,410,16790
2016-08-30 11:00:00,0,410,16790
2016-08-30 12:00:00,0,410,16780
2016-08-30 13:00:00,-30,380,16780
2016-08-30 14:00:00,-30,350,16810
2016-08-30 15:00:00,-20,330,16840
2016-08-30 16:00:00,-24,306,16820
2016-08-30 17:00:00,26,332,16844
2016-08-30 18:00:00,-10,322,16870
2016-08-30 19:00:00,40,362,16880
2016-08-30 20:00:00,20,382,16840
2016-08-30 21:00:00,10,392,16860
2016-08-31 00:00:00,0,392,16850
2016-08-31 01:00:00,0,392,16870
2016-08-31 02:00:00,0,392,16870
2016-08-31 03:00:00,0,392,16860
2016-08-31 04:00:00,30,422,16860
2016-08-31 05:00:00,0,422,16890
2016-08-31 06:00:00,-10,412,16890
2016-08-31 07:00:00,10,422,16900
2016-08-31 08:00:00,20,442,16890
2016-08-31 09:00:00,-10,432,16910
2016-08-31 10:00:00,0,432,16900
2016-08-31 11:00:00,0,432,16900
2016-08-31 12:00:00,0,432,16900
2016-08-31 13:00:00,0,432,16910
2016-08-31 14:00:00,0,432,16910
2016-08-31 15:00:00,0,432,16900
2016-08-31 16:00:00,20,452,16870
2016-08-31 17:00:00,-30,422,16850
2016-08-31 18:00:00,-50,372,16820
2016-08-31 19:00:00,0,372,16870
2016-08-31 20:00:00,40,412,16870
2016-08-31 21:00:00,10,422,16910
2016-09-01 00:00:00,10,432,16900
2016-09-01 01:00:00,30,462,16890
2016-09-01 02:00:00,20,482,16920
2016-09-01 03:00:00,0,482,16900
2016-09-01 04:00:00,0,482,16900
2016-09-01 05:00:00,30,512,16930
2016-09-01 06:00:00,-10,502,16900
2016-09-01 07:00:00,-30,472,16910
2016-09-01 08:00:00,60,532,16940
2016-09-01 09:00:00,10,542,17000
2016-09-01 10:00:00,30,572,17010
2016-09-01 11:00:00,40,612,16980
2016-09-01 12:00:00,20,632,17020
2016-09-01 13:00:00,10,642,17000
2016-09-01 14:00:00,-40,602,17010
2016-09-01 15:00:00,150,752,17050
2016-09-01 16:00:00,0,752,16900
2016-09-01 17:00:00,30,782,16900
2016-09-01 18:00:00,-20,762,16930
2016-09-01 19:00:00,0,762,16950
2016-09-01 20:00:00,0,762,16950
2016-09-01 21:00:00,-30,732,16960
2016-09-02 00:00:00,30,762,16930
2016-09-02 01:00:00,10,772,16900
2016-09-02 02:00:00,0,772,16910
2016-09-02 03:00:00,-20,752,16910
2016-09-02 04:00:00,-30,722,16890
2016-09-02 05:00:00,-20,702,16860
2016-09-02 06:00:00,40,742,16880
2016-09-02 07:00:00,-20,722,16920
2016-09-02 08:00:00,-10,712,16940
2016-09-02 09:00:00,10,722,16950
2016-09-02 10:00:00,10,732,16940
2016-09-02 11:00:00,-20,712,16950
2016-09-02 12:00:00,0,712,16970
2016-09-02 13:00:00,0,712,16970
2016-09-02 14:00:00,-72,640,17000
2016-09-02 15:00:00,-68,572,17072
2016-09-02 16:00:00,0,572,17140
2016-09-02 17:00:00,0,572,17140
2016-09-02 18:00:00,10,582,17100
2016-09-02 19:00:00,30,612,17090
2016-09-02 20:00:00,0,612,17120
2016-09-02 21:00:00,0,612,17120
2016-09-05 00:00:00,0,612,17120
2016-09-05 01:00:00,10,622,17130
2016-09-05 02:00:00,-20,602,17120
2016-09-05 03:00:00,30,632,17140
2016-09-05 04:00:00,10,642,17110
2016-09-05 05:00:00,38,680,17100
2016-09-05 06:00:00,39,719,17062
2016-09-05 07:00:00,-7,712,17023
2016-09-05 08:00:00,0,712,17030
2016-09-05 09:00:00,-20,692,17020
2016-09-05 10:00:00,20,712,17040
2016-09-05 11:00:00,-12,700,17020
2016-09-05 12:00:00,-22,678,17032
2016-09-05 13:00:00,-22,656,17010
2016-09-05 14:00:00,11,667,17032
2016-09-05 15:00:00,-9,658,17021
2016-09-05 16:00:00,8,666,17030
2016-09-05 17:00:00,8,674,17022
2016-09-05 18:00:00,8,682,17030
2016-09-05 19:00:00,-8,674,17022
2016-09-05 20:00:00,0,674,17030
2016-09-05 21:00:00,0,674,17030
2016-09-06 00:00:00,2,676,17030
2016-09-06 01:00:00,-38,638,17032
2016-09-06 02:00:00,0,638,17070
2016-09-06 03:00:00,0,638,17070
2016-09-06 04:00:00,10,648,17070
2016-09-06 05:00:00,20,668,17080
2016-09-06 06:00:00,22,690,17060
2016-09-06 07:00:00,2,692,17082
2016-09-06 08:00:00,-40,652,17080
2016-09-06 09:00:00,-20,632,17040
2016-09-06 10:00:00,20,652,17060
2016-09-06 11:00:00,10,662,17040
2016-09-06 12:00:00,1,663,17050
2016-09-06 13:00:00,-1,662,17051
2016-09-06 14:00:00,0,662,17050
2016-09-06 15:00:00,120,782,17050
2016-09-06 16:00:00,-20,762,16930
2016-09-06 17:00:00,0,762,16950
2016-09-06 18:00:00,10,772,16950
2016-09-06 19:00:00,0,772,16940
2016-09-06 20:00:00,0,772,16940
2016-09-06 21:00:00,0,772,16940
2016-09-07 00:00:00,0,772,16940
2016-09-07 01:00:00,40,812,16910
2016-09-07 02:00:00,-9,803,16950
2016-09-07 03:00:00,19,822,16941
2016-09-07 04:00:00,0,822,16960
2016-09-07 05:00:00,0,822,16960
2016-09-07 06:00:00,40,862,16970
2016-09-07 07:00:00,20,882,17010
2016-09-07 08:00:00,-10,872,16990
2016-09-07 09:00:00,10,882,17000
2016-09-07 10:00:00,10,892,17010
2016-09-07 11:00:00,0,892,17000
2016-09-07 12:00:00,0,892,17000
2016-09-07 13:00:00,0,892,17000
2016-09-07 14:00:00,10,902,16990
2016-09-07 15:00:00,-10,892,16980
2016-09-07 16:00:00,21,913,16990
2016-09-07 17:00:00,-1,912,16969
2016-09-07 18:00:00,10,922,16970
2016-09-07 19:00:00,9,931,16960
2016-09-07 20:00:00,19,950,16969
2016-09-07 21:00:00,10,960,16950
2016-09-08 00:00:00,-40,920,16960
2016-09-08 01:00:00,30,950,17000
2016-09-08 02:00:00,0,950,16970
2016-09-08 03:00:00,-30,920,16970
2016-09-08 04:00:00,9,929,16940
2016-09-08 05:00:00,-51,878,16931
2016-09-08 06:00:00,0,878,16880
2016-09-08 07:00:00,18,896,16958
2016-09-08 08:00:00,130,1026,16940
2016-09-08 09:00:00,0,1026,16810
2016-09-08 10:00:00,0,1026,16810
2016-09-08 11:00:00,-10,1016,16810
2016-09-08 12:00:00,10,1026,16820
2016-09-08 13:00:00,20,1046,16810
2016-09-08 14:00:00,-50,996,16790
2016-09-08 15:00:00,30,1026,16740
2016-09-08 16:00:00,70,1096,16770
2016-09-08 17:00:00,-10,1086,16840
2016-09-08 18:00:00,0,1086,16850
2016-09-08 19:00:00,-20,1066,16850
2016-09-08 20:00:00,0,1066,16870
2016-09-08 21:00:00,-10,1056,16870
2016-09-09 00:00:00,10,1066,16880
2016-09-09 01:00:00,-90,976,16870
2016-09-09 02:00:00,0,976,16780
2016-09-09 03:00:00,0,976,16780
2016-09-09 04:00:00,10,986,16840
2016-09-09 05:00:00,0,986,16850
2016-09-09 06:00:00,0,986,16850
2016-09-09 07:00:00,10,996,16850
2016-09-09 08:00:00,30,1026,16860
2016-09-09 09:00:00,0,1026,16830
2016-09-09 10:00:00,0,1026,16830
2016-09-09 11:00:00,-20,1006,16830
2016-09-09 12:00:00,0,1006,16850
2016-09-09 13:00:00,20,1026,16850
2016-09-09 14:00:00,0,1026,16830
2016-09-09 15:00:00,0,1026,16830
2016-09-09 16:00:00,0,1026,16770
2016-09-09 17:00:00,-20,1006,16780
2016-09-09 18:00:00,40,1046,16760
2016-09-09 19:00:00,0,1046,16720
2016-09-09 20:00:00,-50,996,16720
2016-09-09 21:00:00,-10,986,16670
2016-09-12 00:00:00,20,1006,16660
2016-09-12 01:00:00,-10,996,16640
2016-09-12 02:00:00,110,1106,16650
2016-09-12 03:00:00,-40,1066,16540
2016-09-12 04:00:00,60,1126,16580
2016-09-12 05:00:00,20,1146,16520
2016-09-12 06:00:00,0,1146,16540
2016-09-12 07:00:00,0,1146,16540
2016-09-12 08:00:00,0,1146,16540
2016-09-12 09:00:00,-30,1116,16490
2016-09-12 10:00:00,-20,1096,16460
2016-09-12 11:00:00,-20,1076,16440
2016-09-12 12:00:00,0,1076,16420
2016-09-12 13:00:00,50,1126,16420
2016-09-12 14:00:00,70,1196,16470
2016-09-12 15:00:00,10,1206,16540
2016-09-12 16:00:00,-10,1196,16530
2016-09-12 17:00:00,-30,1166,16540
2016-09-12 18:00:00,0,1166,16570
2016-09-12 19:00:00,0,1166,16570
2016-09-12 20:00:00,-20,1146,16630
2016-09-12 21:00:00,-20,1126,16650
2016-09-13 00:00:00,20,1146,16670
2016-09-13 01:00:00,-80,1066,16650
2016-09-13 02:00:00,0,1066,16570
2016-09-13 03:00:00,0,1066,16570
2016-09-13 04:00:00,40,1106,16580
2016-09-13 05:00:00,-90,1016,16540
2016-09-13 06:00:00,30,1046,16630
2016-09-13 07:00:00,0,1046,16600
2016-09-13 08:00:00,0,1046,16600
2016-09-13 09:00:00,0,1046,16570
2016-09-13 10:00:00,0,1046,16540
2016-09-13 11:00:00,-40,1006,16560
2016-09-13 12:00:00,0,1006,16600
2016-09-13 13:00:00,0,1006,16600
2016-09-13 14:00:00,0,1006,16580
2016-09-13 15:00:00,0,1006,16540
2016-09-13 16:00:00,-70,936,16510
2016-09-13 17:00:00,-20,916,16440
2016-09-13 18:00:00,100,1016,16420
2016-09-13 19:00:00,0,1016,16520
2016-09-13 20:00:00,0,1016,16520
2016-09-13 21:00:00,0,1016,16520
2016-09-14 00:00:00,-20,996,16510
2016-09-14 01:00:00,0,996,16490
2016-09-14 02:00:00,70,1066,16490
2016-09-14 03:00:00,0,1066,16560
2016-09-14 04:00:00,0,1066,16590
2016-09-14 05:00:00,0,1066,16530
2016-09-14 06:00:00,0,1066,16530
2016-09-14 07:00:00,0,1066,16480
2016-09-14 08:00:00,-10,1056,16480
2016-09-14 09:00:00,10,1066,16470
2016-09-14 10:00:00,0,1066,16480
2016-09-14 11:00:00,-20,1046,16460
2016-09-14 12:00:00,30,1076,16440
2016-09-14 13:00:00,-20,1056,16470
2016-09-14 14:00:00,50,1106,16490
2016-09-14 15:00:00,40,1146,16440
2016-09-14 16:00:00,50,1196,16400
2016-09-14 17:00:00,0,1196,16350
2016-09-14 18:00:00,0,1196,16350
2016-09-14 19:00:00,50,1246,16340
2016-09-14 20:00:00,-20,1226,16390
2016-09-14 21:00:00,-40,1186,16370
2016-09-15 00:00:00,-60,1126,16330
2016-09-15 01:00:00,-100,1026,16390
2016-09-15 02:00:00,50,1076,16290
2016-09-15 03:00:00,40,1116,16240
2016-09-15 04:00:00,20,1136,16280
2016-09-15 05:00:00,-20,1116,16260
2016-09-15 06:00:00,-20,1096,16280
2016-09-15 07:00:00,0,1096,16260
2016-09-15 08:00:00,0,1096,16260
2016-09-15 09:00:00,-20,1076,16270
2016-09-15 10:00:00,10,1086,16290
2016-09-15 11:00:00,10,1096,16300
2016-09-15 12:00:00,0,1096,16310
2016-09-15 13:00:00,10,1106,16290
2016-09-15 14:00:00,-20,1086,16300
2016-09-15 15:00:00,-30,1056,16320
2016-09-15 16:00:00,0,1056,16350
2016-09-15 17:00:00,0,1056,16350
2016-09-15 18:00:00,0,1056,16350
2016-09-15 19:00:00,30,1086,16360
2016-09-15 20:00:00,0,1086,16390
2016-09-15 21:00:00,20,1106,16390
2016-09-16 00:00:00,80,1186,16410
2016-09-16 01:00:00,0,1186,16330
2016-09-16 02:00:00,-10,1176,16330
2016-09-16 03:00:00,0,1176,16340
2016-09-16 04:00:00,0,1176,16340
2016-09-16 05:00:00,50,1226,16330
2016-09-16 06:00:00,0,1226,16380
2016-09-16 07:00:00,30,1256,16380
2016-09-16 08:00:00,40,1296,16350
2016-09-16 09:00:00,-10,1286,16310
2016-09-16 10:00:00,10,1296,16300
2016-09-16 11:00:00,-50,1246,16290
2016-09-16 12:00:00,-10,1236,16240
2016-09-16 13:00:00,0,1236,16230
2016-09-16 14:00:00,40,1276,16280
2016-09-16 15:00:00,20,1296,16240
2016-09-16 16:00:00,0,1296,16260
2016-09-16 17:00:00,20,1316,16260
2016-09-16 18:00:00,-10,1306,16240
2016-09-16 19:00:00,0,1306,16250
2016-09-16 20:00:00,0,1306,16250
2016-09-16 21:00:00,0,1306,16250
2016-09-20 00:00:00,0,1306,16250
2016-09-20 01:00:00,-70,1236,16270
2016-09-20 02:00:00,-90,1146,16340
2016-09-20 03:00:00,50,1196,16430
2016-09-20 04:00:00,30,1226,16380
2016-09-20 05:00:00,60,1286,16410
2016-09-20 06:00:00,-10,1276,16350
2016-09-20 07:00:00,-20,1256,16340
2016-09-20 08:00:00,-20,1236,16320
2016-09-20 09:00:00,0,1236,16340
2016-09-20 10:00:00,-10,1226,16340
2016-09-20 11:00:00,-30,1196,16350
2016-09-20 12:00:00,10,1206,16380
2016-09-20 13:00:00,0,1206,16390
2016-09-20 14:00:00,-20,1186,16390
2016-09-20 15:00:00,10,1196,16370
2016-09-20 16:00:00,20,1216,16360
2016-09-20 17:00:00,10,1226,16340
2016-09-20 18:00:00,-20,1206,16330
2016-09-20 19:00:00,-10,1196,16350
2016-09-20 20:00:00,20,1216,16360
2016-09-20 21:00:00,-10,1206,16340
2016-09-21 00:00:00,30,1236,16350
2016-09-21 01:00:00,20,1256,16320
2016-09-21 02:00:00,10,1266,16300
2016-09-21 03:00:00,20,1286,16290
2016-09-21 04:00:00,-80,1206,16310
2016-09-21 05:00:00,-160,1046,16390
2016-09-21 06:00:00,-120,926,16550
2016-09-21 07:00:00,-60,866,16670
2016-09-21 08:00:00,70,936,16730
2016-09-21 09:00:00,-10,926,16660
2016-09-21 10:00:00,-30,896,16650
2016-09-21 11:00:00,30,926,16620
2016-09-21 12:00:00,-60,866,16650
2016-09-21 13:00:00,60,926,16590
2016-09-21 14:00:00,0,926,16530
2016-09-21 15:00:00,0,926,16530
2016-09-21 16:00:00,-40,886,16490
2016-09-21 17:00:00,10,896,16450
2016-09-21 18:00:00,20,916,16460
2016-09-21 19:00:00,30,946,16480
2016-09-21 20:00:00,0,946,16510
2016-09-21 21:00:00,0,946,16510
2016-09-23 00:00:00,-150,796,16490
2016-09-23 01:00:00,0,796,16640
2016-09-23 02:00:00,0,796,16640
2016-09-23 03:00:00,40,836,16670
2016-09-23 04:00:00,10,846,16630
2016-09-23 05:00:00,0,846,16640
2016-09-23 06:00:00,-30,816,16640
2016-09-23 07:00:00,-40,776,16610
2016-09-23 08:00:00,10,786,16570
2016-09-23 09:00:00,30,816,16580
2016-09-23 10:00:00,-10,806,16550
2016-09-23 11:00:00,-10,796,16560
2016-09-23 12:00:00,0,796,16550
2016-09-23 13:00:00,40,836,16550
2016-09-23 14:00:00,-20,816,16590
2016-09-23 15:00:00,0,816,16570
2016-09-23 16:00:00,0,816,16590
2016-09-23 17:00:00,0,816,16590
2016-09-23 18:00:00,0,816,16580
2016-09-23 19:00:00,-20,796,16560
2016-09-23 20:00:00,10,806,16580
2016-09-23 21:00:00,-30,776,16570
2016-09-26 00:00:00,30,806,16600
2016-09-26 01:00:00,-50,756,16570
2016-09-26 02:00:00,-30,726,16520
2016-09-26 03:00:00,10,736,16490
2016-09-26 04:00:00,-20,716,16500
2016-09-26 05:00:00,0,716,16480
2016-09-26 06:00:00,-90,626,16480
2016-09-26 07:00:00,10,636,16390
2016-09-26 08:00:00,-130,506,16400
2016-09-26 09:00:00,-10,496,16270
2016-09-26 10:00:00,30,526,16280
2016-09-26 11:00:00,-20,506,16250
2016-09-26 12:00:00,0,506,16270
2016-09-26 13:00:00,0,506,16270
2016-09-26 14:00:00,20,526,16270
2016-09-26 15:00:00,-30,496,16250
2016-09-26 16:00:00,10,506,16280
2016-09-26 17:00:00,-20,486,16270
2016-09-26 18:00:00,30,516,16290
2016-09-26 19:00:00,0,516,16260
2016-09-26 20:00:00,20,536,16260
2016-09-26 21:00:00,20,556,16280
2016-09-27 00:00:00,-30,526,16300
2016-09-27 01:00:00,100,626,16270
2016-09-27 02:00:00,170,796,16170
2016-09-27 03:00:00,-20,776,16340
2016-09-27 04:00:00,-90,686,16360
2016-09-27 05:00:00,30,716,16450
2016-09-27 06:00:00,50,766,16480
2016-09-27 07:00:00,-10,756,16530
2016-09-27 08:00:00,-60,696,16540
2016-09-27 09:00:00,-30,666,16480
2016-09-27 10:00:00,20,686,16450
2016-09-27 11:00:00,0,686,16430
2016-09-27 12:00:00,0,686,16430
2016-09-27 13:00:00,0,686,16420
2016-09-27 14:00:00,70,756,16390
2016-09-27 15:00:00,-50,706,16460
2016-09-27 16:00:00,-50,656,16410
2016-09-27 17:00:00,-10,646,16460
2016-09-27 18:00:00,0,646,16470
2016-09-27 19:00:00,20,666,16470
2016-09-27 20:00:00,-20,646,16450
2016-09-27 21:00:00,-10,636,16470
2016-09-28 00:00:00,10,646,16480
2016-09-28 01:00:00,0,646,16470
2016-09-28 02:00:00,-50,596,16450
2016-09-28 03:00:00,30,626,16400
2016-09-28 04:00:00,-30,596,16370
2016-09-28 05:00:00,-10,586,16400
2016-09-28 06:00:00,-20,566,16410
2016-09-28 07:00:00,-30,536,16430
2016-09-28 08:00:00,-50,486,16460
2016-09-28 09:00:00,-10,476,16510
2016-09-28 10:00:00,50,526,16520
2016-09-28 11:00:00,-20,506,16470
2016-09-28 12:00:00,0,506,16490
2016-09-28 13:00:00,10,516,16490
2016-09-28 14:00:00,-10,506,16480
2016-09-28 15:00:00,40,546,16490
2016-09-28 16:00:00,0,546,16450
2016-09-28 17:00:00,0,546,16450
2016-09-28 18:00:00,-20,526,16450
2016-09-28 19:00:00,-60,466,16470
2016-09-28 20:00:00,-10,456,16530
2016-09-28 21:00:00,-10,446,16540
2016-09-29 00:00:00,-50,396,16550
2016-09-29 01:00:00,-50,346,16600
2016-09-29 02:00:00,20,366,16650
2016-09-29 03:00:00,10,376,16670
2016-09-29 04:00:00,-20,356,16680
2016-09-29 05:00:00,10,366,16700
2016-09-29 06:00:00,10,376,16690
2016-09-29 07:00:00,40,416,16680
2016-09-29 08:00:00,-30,386,16720
2016-09-29 09:00:00,10,396,16690
2016-09-29 10:00:00,30,426,16680
2016-09-29 11:00:00,0,426,16650
2016-09-29 12:00:00,-10,416,16650
2016-09-29 13:00:00,-20,396,16660
2016-09-29 14:00:00,-10,386,16680
2016-09-29 15:00:00,-10,376,16670
2016-09-29 16:00:00,-20,356,16660
2016-09-29 17:00:00,-100,256,16640
2016-09-29 18:00:00,-60,196,16540
2016-09-29 19:00:00,40,236,16480
2016-09-29 20:00:00,0,236,16520
2016-09-29 21:00:00,0,236,16520
2016-09-30 00:00:00,60,296,16530
2016-09-30 01:00:00,70,366,16470
2016-09-30 02:00:00,-10,356,16400
2016-09-30 03:00:00,10,366,16410
2016-09-30 04:00:00,50,416,16420
2016-09-30 05:00:00,30,446,16470
2016-09-30 06:00:00,10,456,16440
2016-09-30 07:00:00,-40,416,16430
2016-09-30 08:00:00,-30,386,16390
2016-09-30 09:00:00,20,406,16360
2016-09-30 10:00:00,-40,366,16380
2016-09-30 11:00:00,0,366,16420
2016-09-30 12:00:00,10,376,16420
2016-09-30 13:00:00,-10,366,16430
2016-09-30 14:00:00,-20,346,16440
2016-09-30 15:00:00,20,366,16460
2016-09-30 16:00:00,-70,296,16480
2016-09-30 17:00:00,-40,256,16550
2016-09-30 18:00:00,0,256,16590
2016-09-30 19:00:00,10,266,16590
2016-09-30 20:00:00,0,266,16580
2016-09-30 21:00:00,0,266,16560
2016-10-03 00:00:00,0,266,16560
2016-10-03 01:00:00,0,266,16590
2016-10-03 02:00:00,40,306,16590
2016-10-03 03:00:00,0,306,16630
2016-10-03 04:00:00,20,326,16620
2016-10-03 05:00:00,-30,296,16600
2016-10-03 06:00:00,-10,286,16570
2016-10-03 07:00:00,10,296,16580
2016-10-03 08:00:00,0,296,16590
2016-10-03 09:00:00,-10,286,16590
2016-10-03 10:00:00,-10,276,16600
2016-10-03 11:00:00,10,286,16610
2016-10-03 12:00:00,10,296,16600
2016-10-03 13:00:00,-60,236,16590
2016-10-03 14:00:00,0,236,16530
2016-10-03 15:00:00,-60,176,16560
2016-10-03 16:00:00,40,216,16620
2016-10-03 17:00:00,-10,206,16580
2016-10-03 18:00:00,10,216,16570
2016-10-03 19:00:00,0,216,16580
2016-10-03 20:00:00,-30,186,16580
2016-10-03 21:00:00,10,196,16610
2016-10-04 00:00:00,60,256,16600
2016-10-04 01:00:00,-40,216,16660
2016-10-04 02:00:00,-10,206,16700
2016-10-04 03:00:00,0,206,16710
2016-10-04 04:00:00,0,206,16710
2016-10-04 05:00:00,0,206,16700
2016-10-04 06:00:00,-20,186,16720
2016-10-04 07:00:00,0,186,16700
2016-10-04 08:00:00,-40,146,16720
2016-10-04 09:00:00,-20,126,16760
2016-10-04 10:00:00,20,146,16740
2016-10-04 11:00:00,0,146,16760
2016-10-04 12:00:00,-30,116,16750
2016-10-04 13:00:00,0,116,16780
2016-10-04 14:00:00,50,166,16780
2016-10-04 15:00:00,-20,146,16830
2016-10-04 16:00:00,100,246,16850
2016-10-04 17:00:00,30,276,16750
2016-10-04 18:00:00,0,276,16780
2016-10-04 19:00:00,-10,266,16730
2016-10-04 20:00:00,10,276,16720
2016-10-04 21:00:00,30,306,16730
2016-10-05 00:00:00,-20,286,16760
2016-10-05 01:00:00,20,306,16780
2016-10-05 02:00:00,40,346,16760
2016-10-05 03:00:00,-40,306,16800
2016-10-05 04:00:00,20,326,16840
2016-10-05 05:00:00,0,326,16820
2016-10-05 06:00:00,0,326,16820
2016-10-05 07:00:00,0,326,16820
2016-10-05 08:00:00,-40,286,16820
2016-10-05 09:00:00,30,316,16780
2016-10-05 10:00:00,10,326,16810
2016-10-05 11:00:00,0,326,16820
2016-10-05 12:00:00,0,326,16820
2016-10-05 13:00:00,0,326,16840
2016-10-05 14:00:00,40,366,16840
2016-10-05 15:00:00,-60,306,16880
2016-10-05 16:00:00,0,306,16940
2016-10-05 17:00:00,0,306,16930
2016-10-05 18:00:00,0,306,16930
2016-10-05 19:00:00,-20,286,16940
2016-10-05 20:00:00,10,296,16960
2016-10-05 21:00:00,10,306,16950
2016-10-06 00:00:00,-20,286,16940
2016-10-06 01:00:00,20,306,16920
2016-10-06 02:00:00,-20,286,16940
2016-10-06 03:00:00,-20,266,16920
2016-10-06 04:00:00,20,286,16900
2016-10-06 05:00:00,10,296,16920
2016-10-06 06:00:00,-20,276,16910
2016-10-06 07:00:00,10,286,16890
2016-10-06 08:00:00,20,306,16900
2016-10-06 09:00:00,20,326,16920
2016-10-06 10:00:00,-40,286,16900
2016-10-06 11:00:00,10,296,16860
2016-10-06 12:00:00,10,306,16850
2016-10-06 13:00:00,-60,246,16860
2016-10-06 14:00:00,10,256,16920
2016-10-06 15:00:00,10,266,16910
2016-10-06 16:00:00,20,286,16920
2016-10-06 17:00:00,0,286,16940
2016-10-06 18:00:00,10,296,16930
2016-10-06 19:00:00,20,316,16920
2016-10-06 20:00:00,10,326,16940
2016-10-06 21:00:00,0,326,16930
2016-10-07 00:00:00,0,326,16930
2016-10-07 01:00:00,0,326,16880
2016-10-07 02:00:00,-20,306,16870
2016-10-07 03:00:00,20,326,16850
2016-10-07 04:00:00,20,346,16870
2016-10-07 05:00:00,-20,326,16850
2016-10-07 06:00:00,0,326,16830
2016-10-07 07:00:00,-40,286,16850
2016-10-07 08:00:00,50,336,16890
2016-10-07 09:00:00,0,336,16840
2016-10-07 10:00:00,0,336,16860
2016-10-07 11:00:00,0,336,16860
2016-10-07 12:00:00,0,336,16840
2016-10-07 13:00:00,0,336,16840
2016-10-07 14:00:00,100,436,16850
2016-10-07 15:00:00,40,476,16750
2016-10-07 16:00:00,10,486,16790
2016-10-07 17:00:00,30,516,16780
2016-10-07 18:00:00,60,576,16750
2016-10-07 19:00:00,20,596,16810
2016-10-07 20:00:00,0,596,16790
2016-10-07 21:00:00,0,596,16790
2016-10-11 00:00:00,0,596,16790
2016-10-11 01:00:00,-110,486,16930
2016-10-11 02:00:00,0,486,17040
2016-10-11 03:00:00,-10,476,17040
2016-10-11 04:00:00,30,506,17050
2016-10-11 05:00:00,-20,486,17020
2016-10-11 06:00:00,10,496,17040
2016-10-11 07:00:00,20,516,17030
2016-10-11 08:00:00,-20,496,17010
2016-10-11 09:00:00,0,496,16990
2016-10-11 10:00:00,0,496,16990
2016-10-11 11:00:00,20,516,16990
2016-10-11 12:00:00,10,526,17010
2016-10-11 13:00:00,-10,516,17000
2016-10-11 14:00:00,0,516,16990
2016-10-11 15:00:00,-40,476,16960
2016-10-11 16:00:00,-40,436,16920
2016-10-11 17:00:00,20,456,16880
2016-10-11 18:00:00,-70,386,16900
2016-10-11 19:00:00,30,416,16830
2016-10-11 20:00:00,20,436,16860
2016-10-11 21:00:00,0,436,16880
2016-10-12 00:00:00,-30,406,16880
2016-10-12 01:00:00,80,486,16850
2016-10-12 02:00:00,10,496,16930
2016-10-12 03:00:00,-30,466,16940
2016-10-12 04:00:00,-30,436,16910
2016-10-12 05:00:00,0,436,16880
2016-10-12 06:00:00,-30,406,16880
2016-10-12 07:00:00,40,446,16850
2016-10-12 08:00:00,-30,416,16890
2016-10-12 09:00:00,10,426,16860
2016-10-12 10:00:00,0,426,16870
2016-10-12 11:00:00,-10,416,16870
2016-10-12 12:00:00,10,426,16880
2016-10-12 13:00:00,-10,416,16890
2016-10-12 14:00:00,10,426,16900
2016-10-12 15:00:00,0,426,16890
2016-10-12 16:00:00,-80,346,16890
2016-10-12 17:00:00,20,366,16970
2016-10-12 18:00:00,0,366,16950
2016-10-12 19:00:00,-10,356,16950
2016-10-12 20:00:00,0,356,16960
2016-10-12 21:00:00,10,366,16970
2016-10-13 00:00:00,30,396,16960
2016-10-13 01:00:00,-20,376,16930
2016-10-13 02:00:00,100,476,16950
2016-10-13 03:00:00,-130,346,16850
2016-10-13 04:00:00,60,406,16720
2016-10-13 05:00:00,10,416,16780
2016-10-13 06:00:00,20,436,16770
2016-10-13 07:00:00,40,476,16750
2016-10-13 08:00:00,70,546,16790
2016-10-13 09:00:00,-50,496,16720
2016-10-13 10:00:00,20,516,16770
2016-10-13 11:00:00,0,516,16750
2016-10-13 12:00:00,0,516,16750
2016-10-13 13:00:00,-30,486,16740
2016-10-13 14:00:00,50,536,16710
2016-10-13 15:00:00,-20,516,16660
2016-10-13 16:00:00,30,546,16680
2016-10-13 17:00:00,-30,516,16710
2016-10-13 18:00:00,-40,476,16740
2016-10-13 19:00:00,-10,466,16780
2016-10-13 20:00:00,20,486,16790
2016-10-13 21:00:00,-20,466,16770
2016-10-14 00:00:00,-30,436,16790
2016-10-14 01:00:00,20,456,16760
2016-10-14 02:00:00,0,456,16740
2016-10-14 03:00:00,-10,446,16800
2016-10-14 04:00:00,0,446,16810
2016-10-14 05:00:00,-10,436,16840
2016-10-14 06:00:00,0,436,16850
2016-10-14 07:00:00,0,436,16850
2016-10-14 08:00:00,-40,396,16850
2016-10-14 09:00:00,20,416,16890
2016-10-14 10:00:00,-40,376,16910
2016-10-14 11:00:00,0,376,16950
2016-10-14 12:00:00,-30,346,16950
2016-10-14 13:00:00,20,366,16920
2016-10-14 14:00:00,10,376,16940
2016-10-14 15:00:00,10,386,16950
2016-10-14 16:00:00,50,436,16940
2016-10-14 17:00:00,10,446,16890
2016-10-14 18:00:00,-10,436,16880
2016-10-14 19:00:00,10,446,16890
2016-10-14 20:00:00,-10,436,16880
2016-10-14 21:00:00,-10,426,16890
2016-10-17 00:00:00,0,426,16900
2016-10-17 01:00:00,0,426,16850
2016-10-17 02:00:00,70,496,16920
2016-10-17 03:00:00,20,516,16850
2016-10-17 04:00:00,0,516,16870
2016-10-17 05:00:00,0,516,16870
2016-10-17 06:00:00,0,516,16890
2016-10-17 07:00:00,20,536,16900
2016-10-17 08:00:00,-10,526,16880
2016-10-17 09:00:00,10,536,16870
2016-10-17 10:00:00,10,546,16860
2016-10-17 11:00:00,0,546,16850
2016-10-17 12:00:00,-10,536,16870
2016-10-17 13:00:00,-10,526,16880
2016-10-17 14:00:00,0,526,16870
2016-10-17 15:00:00,10,536,16860
2016-10-17 16:00:00,-20,516,16870
2016-10-17 17:00:00,-10,506,16850
2016-10-17 18:00:00,-10,496,16840
2016-10-17 19:00:00,10,506,16830
2016-10-17 20:00:00,10,516,16840
2016-10-17 21:00:00,10,526,16830
2016-10-18 00:00:00,-20,506,16840
2016-10-18 01:00:00,-20,486,16860
2016-10-18 02:00:00,-30,456,16880
2016-10-18 03:00:00,0,456,16910
2016-10-18 04:00:00,0,456,16910
2016-10-18 05:00:00,20,476,16900
2016-10-18 06:00:00,-30,446,16920
2016-10-18 07:00:00,10,456,16950
2016-10-18 08:00:00,20,476,16940
2016-10-18 09:00:00,20,496,16960
2016-10-18 10:00:00,-10,486,16980
2016-10-18 11:00:00,-10,476,16970
2016-10-18 12:00:00,20,496,16960
2016-10-18 13:00:00,-10,486,16980
2016-10-18 14:00:00,20,506,16990
2016-10-18 15:00:00,0,506,16970
2016-10-18 16:00:00,0,506,16970
2016-10-18 17:00:00,0,506,16980
2016-10-18 18:00:00,0,506,16980
2016-10-18 19:00:00,10,516,16980
2016-10-18 20:00:00,10,526,16970
2016-10-18 21:00:00,30,556,16960
2016-10-19 00:00:00,-10,546,16930
2016-10-19 01:00:00,0,546,16940
2016-10-19 02:00:00,-30,516,16940
2016-10-19 03:00:00,-20,496,16970
2016-10-19 04:00:00,0,496,16990
2016-10-19 05:00:00,10,506,16990
2016-10-19 06:00:00,-20,486,16980
2016-10-19 07:00:00,10,496,17000
2016-10-19 08:00:00,-40,456,16990
2016-10-19 09:00:00,0,456,16950
2016-10-19 10:00:00,0,456,16950
2016-10-19 11:00:00,-10,446,16950
2016-10-19 12:00:00,10,456,16960
2016-10-19 13:00:00,0,456,16970
2016-10-19 14:00:00,-20,436,16980
2016-10-19 15:00:00,-40,396,16960
2016-10-19 16:00:00,20,416,17000
2016-10-19 17:00:00,-10,406,16980
2016-10-19 18:00:00,0,406,16990
2016-10-19 19:00:00,0,406,16990
2016-10-19 20:00:00,-10,396,16990
2016-10-19 21:00:00,0,396,16980
2016-10-20 00:00:00,-10,386,16980
2016-10-20 01:00:00,150,536,16990
2016-10-20 02:00:00,20,556,17140
2016-10-20 03:00:00,0,556,17160
2016-10-20 04:00:00,-30,526,17160
2016-10-20 05:00:00,0,526,17190
2016-10-20 06:00:00,0,526,17190
2016-10-20 07:00:00,50,576,17230
2016-10-20 08:00:00,0,576,17180
2016-10-20 09:00:00,-11,565,17180
2016-10-20 10:00:00,1,566,17169
2016-10-20 11:00:00,0,566,17170
2016-10-20 12:00:00,10,576,17170
2016-10-20 13:00:00,0,576,17180
2016-10-20 14:00:00,20,596,17180
2016-10-20 15:00:00,-10,586,17200
2016-10-20 16:00:00,-10,576,17210
2016-10-20 17:00:00,-30,546,17220
2016-10-20 18:00:00,-10,536,17250
2016-10-20 19:00:00,-20,516,17260
2016-10-20 20:00:00,10,526,17280
2016-10-20 21:00:00,10,536,17270
2016-10-21 00:00:00,0,536,17260
2016-10-21 01:00:00,-10,526,17260
2016-10-21 02:00:00,10,536,17270
2016-10-21 03:00:00,0,536,17260
2016-10-21 04:00:00,50,586,17270
2016-10-21 05:00:00,20,606,17220
2016-10-21 06:00:00,50,656,17240
2016-10-21 07:00:00,-30,626,17190
2016-10-21 08:00:00,-20,606,17220
2016-10-21 09:00:00,-20,586,17200
2016-10-21 10:00:00,-10,576,17180
2016-10-21 11:00:00,-10,566,17190
2016-10-21 12:00:00,-10,556,17180
2016-10-21 13:00:00,-20,536,17170
2016-10-21 14:00:00,-10,526,17150
2016-10-21 15:00:00,-40,486,17160
2016-10-21 16:00:00,-40,446,17200
2016-10-21 17:00:00,10,456,17240
2016-10-21 18:00:00,-10,446,17230
2016-10-21 19:00:00,0,446,17240
2016-10-21 20:00:00,0,446,17240
2016-10-21 21:00:00,10,456,17240
2016-10-24 00:00:00,-10,446,17230
2016-10-24 01:00:00,-40,406,17240
2016-10-24 02:00:00,-30,376,17200
2016-10-24 03:00:00,40,416,17170
2016-10-24 04:00:00,-10,406,17210
2016-10-24 05:00:00,0,406,17220
2016-10-24 06:00:00,-20,386,17220
2016-10-24 07:00:00,-10,376,17240
2016-10-24 08:00:00,-80,296,17250
2016-10-24 09:00:00,20,316,17330
2016-10-24 10:00:00,-20,296,17310
2016-10-24 11:00:00,10,306,17330
2016-10-24 12:00:00,-10,296,17320
2016-10-24 13:00:00,0,296,17330
2016-10-24 14:00:00,-30,266,17330
2016-10-24 15:00:00,10,276,17360
2016-10-24 16:00:00,-20,256,17350
2016-10-24 17:00:00,-10,246,17330
2016-10-24 18:00:00,-10,236,17320
2016-10-24 19:00:00,-20,216,17310
2016-10-24 20:00:00,10,226,17330
2016-10-24 21:00:00,0,226,17340
2016-10-25 00:00:00,-30,196,17340
2016-10-25 01:00:00,50,246,17310
2016-10-25 02:00:00,-20,226,17360
2016-10-25 03:00:00,20,246,17340
2016-10-25 04:00:00,20,266,17360
2016-10-25 05:00:00,-20,246,17380
2016-10-25 06:00:00,-20,226,17360
2016-10-25 07:00:00,0,226,17380
2016-10-25 08:00:00,-10,216,17380
2016-10-25 09:00:00,10,226,17390
2016-10-25 10:00:00,20,246,17400
2016-10-25 11:00:00,-10,236,17380
2016-10-25 12:00:00,-10,226,17390
2016-10-25 13:00:00,30,256,17380
2016-10-25 14:00:00,0,256,17410
2016-10-25 15:00:00,-30,226,17410
2016-10-25 16:00:00,-30,196,17380
2016-10-25 17:00:00,10,206,17350
2016-10-25 18:00:00,20,226,17340
2016-10-25 19:00:00,20,246,17360
2016-10-25 20:00:00,0,246,17340
2016-10-25 21:00:00,0,246,17340
2016-10-26 00:00:00,0,246,17340
2016-10-26 01:00:00,0,246,17320
2016-10-26 02:00:00,30,276,17320
2016-10-26 03:00:00,-20,256,17350
2016-10-26 04:00:00,0,256,17370
2016-10-26 05:00:00,0,256,17380
2016-10-26 06:00:00,10,266,17380
2016-10-26 07:00:00,-30,236,17390
2016-10-26 08:00:00,-30,206,17360
2016-10-26 09:00:00,-10,196,17330
2016-10-26 10:00:00,-20,176,17320
2016-10-26 11:00:00,10,186,17300
2016-10-26 12:00:00,-10,176,17310
2016-10-26 13:00:00,0,176,17320
2016-10-26 14:00:00,-20,156,17320
2016-10-26 15:00:00,-60,96,17300
2016-10-26 16:00:00,-10,86,17360
2016-10-26 17:00:00,0,86,17370
2016-10-26 18:00:00,-30,56,17370
2016-10-26 19:00:00,20,76,17340
2016-10-26 20:00:00,0,76,17360
2016-10-26 21:00:00,0,76,17360
2016-10-27 00:00:00,0,76,17360
2016-10-27 01:00:00,20,96,17360
2016-10-27 02:00:00,20,116,17380
2016-10-27 03:00:00,-40,76,17360
2016-10-27 04:00:00,-10,66,17320
2016-10-27 05:00:00,-10,56,17310
2016-10-27 06:00:00,-40,16,17300
2016-10-27 07:00:00,-10,6,17340
2016-10-27 08:00:00,-30,-24,17350
2016-10-27 09:00:00,10,-14,17380
2016-10-27 10:00:00,10,-4,17370
2016-10-27 11:00:00,-10,-14,17380
2016-10-27 12:00:00,10,-4,17390
2016-10-27 13:00:00,-20,-24,17400
2016-10-27 14:00:00,10,-14,17420
2016-10-27 15:00:00,-10,-24,17410
2016-10-27 16:00:00,70,46,17400
2016-10-27 17:00:00,-20,26,17470
2016-10-27 18:00:00,0,26,17490
2016-10-27 19:00:00,0,26,17490
2016-10-27 20:00:00,-20,6,17480
2016-10-27 21:00:00,0,6,17460
2016-10-28 00:00:00,0,6,17460
2016-10-28 01:00:00,-10,-4,17450
2016-10-28 02:00:00,0,-4,17440
2016-10-28 03:00:00,0,-4,17440
2016-10-28 04:00:00,0,-4,17440
2016-10-28 05:00:00,10,6,17430
2016-10-28 06:00:00,10,16,17440
2016-10-28 07:00:00,-10,6,17450
2016-10-28 08:00:00,50,56,17460
2016-10-28 09:00:00,0,56,17410
2016-10-28 10:00:00,30,86,17400
2016-10-28 11:00:00,0,86,17430
2016-10-28 12:00:00,10,96,17440
2016-10-28 13:00:00,20,116,17430
2016-10-28 14:00:00,0,116,17450
2016-10-28 15:00:00,0,116,17450
2016-10-28 16:00:00,0,116,17490
2016-10-28 17:00:00,10,126,17480
2016-10-28 18:00:00,0,126,17490
2016-10-28 19:00:00,50,176,17350
2016-10-28 20:00:00,-10,166,17400
2016-10-28 21:00:00,0,166,17390
2016-10-31 00:00:00,-20,146,17390
2016-10-31 01:00:00,0,146,17370
2016-10-31 02:00:00,0,146,17370
2016-10-31 03:00:00,30,176,17350
2016-10-31 04:00:00,0,176,17380
2016-10-31 05:00:00,0,176,17380
2016-10-31 06:00:00,0,176,17410
2016-10-31 07:00:00,10,186,17430
2016-10-31 08:00:00,20,206,17440
2016-10-31 09:00:00,30,236,17420
2016-10-31 10:00:00,-10,226,17450
2016-10-31 11:00:00,0,226,17440
2016-10-31 12:00:00,0,226,17440
2016-10-31 13:00:00,0,226,17440
2016-10-31 14:00:00,-20,206,17430
2016-10-31 15:00:00,-10,196,17410
2016-10-31 16:00:00,30,226,17400
2016-10-31 17:00:00,0,226,17430
2016-10-31 18:00:00,20,246,17430
2016-10-31 19:00:00,10,256,17410
2016-10-31 20:00:00,-10,246,17400
2016-10-31 21:00:00,0,246,17390
2016-11-01 00:00:00,0,246,17390
2016-11-01 01:00:00,-40,206,17390
2016-11-01 02:00:00,0,206,17350
2016-11-01 03:00:00,-10,196,17420
2016-11-01 04:00:00,0,196,17410
2016-11-01 05:00:00,0,196,17410
2016-11-01 06:00:00,-10,186,17430
2016-11-01 07:00:00,0,186,17440
2016-11-01 08:00:00,0,186,17440
2016-11-01 09:00:00,20,206,17450
2016-11-01 10:00:00,0,206,17430
2016-11-01 11:00:00,0,206,17430
2016-11-01 12:00:00,20,226,17440
2016-11-01 13:00:00,0,226,17420
2016-11-01 14:00:00,-30,196,17420
2016-11-01 15:00:00,30,226,17390
2016-11-01 16:00:00,-30,196,17360
2016-11-01 17:00:00,-70,126,17330
2016-11-01 18:00:00,-50,76,17260
2016-11-01 19:00:00,-30,46,17210
2016-11-01 20:00:00,-60,-14,17180
2016-11-01 21:00:00,0,-14,17240
2016-11-02 00:00:00,0,-14,17240
2016-11-02 01:00:00,10,-4,17240
2016-11-02 02:00:00,30,26,17250
2016-11-02 03:00:00,-60,-34,17220
2016-11-02 04:00:00,30,-4,17160
2016-11-02 05:00:00,-30,-34,17130
2016-11-02 06:00:00,40,6,17100
2016-11-02 07:00:00,40,46,17140
2016-11-02 08:00:00,10,56,17100
2016-11-02 09:00:00,10,66,17090
2016-11-02 10:00:00,-10,56,17080
2016-11-02 11:00:00,-20,36,17070
2016-11-02 12:00:00,20,56,17050
2016-11-02 13:00:00,0,56,17070
2016-11-02 14:00:00,0,56,17070
2016-11-02 15:00:00,0,56,17080
2016-11-02 16:00:00,0,56,17040
2016-11-02 17:00:00,0,56,17010
2016-11-02 18:00:00,0,56,17010
2016-11-02 19:00:00,0,56,17010
2016-11-02 20:00:00,0,56,17030
2016-11-02 21:00:00,0,56,17010
2016-11-04 00:00:00,0,56,17050
2016-11-04 01:00:00,0,56,16980
2016-11-04 02:00:00,0,56,16860
2016-11-04 03:00:00,20,76,16850
2016-11-04 04:00:00,0,76,16870
2016-11-04 05:00:00,-20,56,16870
2016-11-04 06:00:00,40,96,16850
2016-11-04 07:00:00,0,96,16890
2016-11-04 08:00:00,20,116,16890
2016-11-04 09:00:00,-50,66,16910
2016-11-04 10:00:00,-30,36,16860
2016-11-04 11:00:00,0,36,16830
2016-11-04 12:00:00,0,36,16840
2016-11-04 13:00:00,0,36,16840
2016-11-04 14:00:00,40,76,16860
2016-11-04 15:00:00,-70,6,16820
2016-11-04 16:00:00,-30,-24,16890
2016-11-04 17:00:00,-50,-74,16860
2016-11-04 18:00:00,0,-74,16910
2016-11-04 19:00:00,0,-74,16910
2016-11-04 20:00:00,-20,-94,16870
2016-11-04 21:00:00,40,-54,16850
2016-11-07 00:00:00,270,216,16890
2016-11-07 01:00:00,-70,146,17160
2016-11-07 02:00:00,40,186,17090
2016-11-07 03:00:00,-20,166,17130
2016-11-07 04:00:00,0,166,17150
2016-11-07 05:00:00,10,176,17160
2016-11-07 06:00:00,40,216,17150
2016-11-07 07:00:00,-40,176,17190
2016-11-07 08:00:00,-20,156,17230
2016-11-07 09:00:00,10,166,17250
2016-11-07 10:00:00,10,176,17240
2016-11-07 11:00:00,10,186,17250
2016-11-07 12:00:00,10,196,17240
2016-11-07 13:00:00,-10,186,17230
2016-11-07 14:00:00,10,196,17220
2016-11-07 15:00:00,10,206,17230
2016-11-07 16:00:00,-20,186,17240
2016-11-07 17:00:00,0,186,17260
2016-11-07 18:00:00,20,206,17260
2016-11-07 19:00:00,0,206,17240
2016-11-07 20:00:00,-10,196,17250
2016-11-07 21:00:00,0,196,17260
2016-11-08 00:00:00,0,196,17260
2016-11-08 01:00:00,-40,156,17240
2016-11-08 02:00:00,-50,106,17200
2016-11-08 03:00:00,-30,76,17150
2016-11-08 04:00:00,50,126,17120
2016-11-08 05:00:00,-10,116,17170
2016-11-08 06:00:00,10,126,17180
2016-11-08 07:00:00,30,156,17170
2016-11-08 08:00:00,0,156,17200
2016-11-08 09:00:00,-30,126,17200
2016-11-08 10:00:00,-10,116,17230
2016-11-08 11:00:00,10,126,17240
2016-11-08 12:00:00,-10,116,17230
2016-11-08 13:00:00,10,126,17240
2016-11-08 14:00:00,40,166,17230
2016-11-08 15:00:00,0,166,17190
2016-11-08 16:00:00,30,196,17190
2016-11-08 17:00:00,70,266,17220
2016-11-08 18:00:00,-80,186,17290
2016-11-08 19:00:00,0,186,17370
2016-11-08 20:00:00,-30,156,17320
2016-11-08 21:00:00,20,176,17290
2016-11-09 00:00:00,20,196,17310
2016-11-09 01:00:00,-100,96,17290
2016-11-09 02:00:00,260,356,17390
2016-11-09 03:00:00,-430,-74,17130
2016-11-09 04:00:00,360,286,16700
2016-11-09 05:00:00,-140,146,16340
2016-11-09 06:00:00,70,216,16200
2016-11-09 07:00:00,20,236,16270
2016-11-09 08:00:00,-440,-204,16250
2016-11-09 09:00:00,-40,-244,16690
2016-11-09 10:00:00,20,-224,16730
2016-11-09 11:00:00,80,-144,16750
2016-11-09 12:00:00,10,-134,16670
2016-11-09 13:00:00,-110,-244,16660
2016-11-09 14:00:00,-20,-264,16770
2016-11-09 15:00:00,-170,-434,16790
2016-11-09 16:00:00,0,-434,16960
2016-11-09 17:00:00,-150,-584,16960
2016-11-09 18:00:00,-40,-624,17110
2016-11-09 19:00:00,-60,-684,17150
2016-11-09 20:00:00,-30,-714,17210
2016-11-09 21:00:00,-10,-724,17240
2016-11-10 00:00:00,30,-694,17250
2016-11-10 01:00:00,30,-664,17220
2016-11-10 02:00:00,20,-644,17190
2016-11-10 03:00:00,-50,-694,17170
2016-11-10 04:00:00,0,-694,17220
2016-11-10 05:00:00,80,-614,17220
2016-11-10 06:00:00,-40,-654,17300
2016-11-10 07:00:00,40,-614,17340
2016-11-10 08:00:00,-60,-674,17300
2016-11-10 09:00:00,-80,-754,17360
2016-11-10 10:00:00,-30,-784,17440
2016-11-10 11:00:00,-30,-814,17470
2016-11-10 12:00:00,-40,-854,17500
2016-11-10 13:00:00,50,-804,17540
2016-11-10 14:00:00,-10,-814,17490
2016-11-10 15:00:00,20,-794,17480
2016-11-10 16:00:00,140,-654,17500
2016-11-10 17:00:00,40,-614,17360
2016-11-10 18:00:00,-90,-704,17400
2016-11-10 19:00:00,-20,-724,17490
2016-11-10 20:00:00,0,-724,17510
2016-11-10 21:00:00,0,-724,17510
2016-11-11 00:00:00,-20,-744,17510
2016-11-11 01:00:00,20,-724,17530
2016-11-11 02:00:00,-60,-784,17550
2016-11-11 03:00:00,70,-714,17490
2016-11-11 04:00:00,30,-684,17420
2016-11-11 05:00:00,20,-664,17390
2016-11-11 06:00:00,-10,-674,17370
2016-11-11 07:00:00,-20,-694,17380
2016-11-11 08:00:00,-50,-744,17400
2016-11-11 09:00:00,40,-704,17450
2016-11-11 10:00:00,20,-684,17410
2016-11-11 11:00:00,-70,-754,17390
2016-11-11 12:00:00,30,-724,17320
2016-11-11 13:00:00,-70,-794,17350
2016-11-11 14:00:00,20,-774,17420
2016-11-11 15:00:00,0,-774,17400
2016-11-11 16:00:00,-20,-794,17400
2016-11-11 17:00:00,30,-764,17380
2016-11-11 18:00:00,10,-754,17410
2016-11-11 19:00:00,0,-754,17420
2016-11-11 20:00:00,0,-754,17420
2016-11-11 21:00:00,0,-754,17420
2016-11-14 00:00:00,60,-694,17430
2016-11-14 01:00:00,-150,-844,17490
2016-11-14 02:00:00,30,-814,17640
2016-11-14 03:00:00,50,-764,17610
2016-11-14 04:00:00,0,-764,17660
2016-11-14 05:00:00,-20,-784,17660
2016-11-14 06:00:00,0,-784,17680
2016-11-14 07:00:00,20,-764,17680
2016-11-14 08:00:00,10,-754,17660
2016-11-14 09:00:00,30,-724,17650
2016-11-14 10:00:00,10,-714,17680
2016-11-14 11:00:00,30,-684,17690
2016-11-14 12:00:00,50,-634,17660
2016-11-14 13:00:00,0,-634,17610
2016-11-14 14:00:00,30,-604,17610
2016-11-14 15:00:00,-30,-634,17640
2016-11-14 16:00:00,10,-624,17670
2016-11-14 17:00:00,-10,-634,17680
2016-11-14 18:00:00,40,-594,17690
2016-11-14 19:00:00,-30,-624,17650
2016-11-14 20:00:00,-50,-674,17680
2016-11-14 21:00:00,0,-674,17730
2016-11-15 00:00:00,40,-634,17730
2016-11-15 01:00:00,0,-634,17690
2016-11-15 02:00:00,10,-624,17650
2016-11-15 03:00:00,10,-614,17660
2016-11-15 04:00:00,10,-604,17670
2016-11-15 05:00:00,20,-584,17680
2016-11-15 06:00:00,-10,-594,17660
2016-11-15 07:00:00,20,-574,17670
2016-11-15 08:00:00,0,-574,17650
2016-11-15 09:00:00,0,-574,17650
2016-11-15 10:00:00,0,-574,17650
2016-11-15 11:00:00,-20,-594,17650
2016-11-15 12:00:00,0,-594,17670
2016-11-15 13:00:00,0,-594,17670
2016-11-15 14:00:00,70,-524,17670
2016-11-15 15:00:00,0,-524,17740
2016-11-15 16:00:00,50,-474,17740
2016-11-15 17:00:00,0,-474,17790
2016-11-15 18:00:00,0,-474,17790
2016-11-15 19:00:00,30,-444,17790
2016-11-15 20:00:00,0,-444,17820
2016-11-15 21:00:00,0,-444,17880
2016-11-16 00:00:00,-20,-464,17860
2016-11-16 01:00:00,-20,-484,17840
2016-11-16 02:00:00,20,-464,17860
2016-11-16 03:00:00,40,-424,17840
2016-11-16 04:00:00,20,-404,17880
2016-11-16 05:00:00,0,-404,17860
2016-11-16 06:00:00,0,-404,17880
2016-11-16 07:00:00,0,-404,17880
2016-11-16 08:00:00,10,-394,17880
2016-11-16 09:00:00,30,-364,17870
2016-11-16 10:00:00,30,-334,17900
2016-11-16 11:00:00,10,-324,17930
2016-11-16 12:00:00,0,-324,17940
2016-11-16 13:00:00,-60,-384,17930
2016-11-16 14:00:00,-40,-424,17870
2016-11-16 15:00:00,10,-414,17830
2016-11-16 16:00:00,-50,-464,17840
2016-11-16 17:00:00,50,-414,17890
2016-11-16 18:00:00,0,-414,17840
2016-11-16 19:00:00,0,-414,17840
2016-11-16 20:00:00,20,-394,17860
2016-11-16 21:00:00,30,-364,17840
2016-11-17 00:00:00,-40,-404,17810
2016-11-17 01:00:00,10,-394,17770
2016-11-17 02:00:00,70,-324,17780
2016-11-17 03:00:00,30,-294,17850
2016-11-17 04:00:00,20,-274,17820
2016-11-17 05:00:00,0,-274,17840
2016-11-17 06:00:00,30,-244,17840
2016-11-17 07:00:00,10,-234,17870
2016-11-17 08:00:00,30,-204,17880
2016-11-17 09:00:00,10,-194,17850
2016-11-17 10:00:00,10,-184,17860
2016-11-17 11:00:00,10,-174,17850
2016-11-17 12:00:00,20,-154,17860
2016-11-17 13:00:00,30,-124,17840
2016-11-17 14:00:00,0,-124,17870
2016-11-17 15:00:00,0,-124,17900
2016-11-17 16:00:00,-30,-154,17930
2016-11-17 17:00:00,-60,-214,17960
2016-11-17 18:00:00,-10,-224,18020
2016-11-17 19:00:00,0,-224,18030
2016-11-17 20:00:00,10,-214,18080
2016-11-17 21:00:00,-10,-224,18070
2016-11-18 00:00:00,0,-224,18080
2016-11-18 01:00:00,-60,-284,18070
2016-11-18 02:00:00,-20,-304,18010
2016-11-18 03:00:00,0,-304,18030
2016-11-18 04:00:00,20,-284,18030
2016-11-18 05:00:00,0,-284,18010
2016-11-18 06:00:00,0,-284,18010
2016-11-18 07:00:00,-20,-304,17990
2016-11-18 08:00:00,50,-254,17970
2016-11-18 09:00:00,80,-174,18020
2016-11-18 10:00:00,10,-164,17940
2016-11-18 11:00:00,10,-154,17950
2016-11-18 12:00:00,-10,-164,17940
2016-11-18 13:00:00,30,-134,17930
2016-11-18 14:00:00,-10,-144,17960
2016-11-18 15:00:00,0,-144,17970
2016-11-18 16:00:00,0,-144,17970
2016-11-18 17:00:00,10,-134,17990
2016-11-18 18:00:00,-30,-164,17980
2016-11-18 19:00:00,10,-154,18010
2016-11-18 20:00:00,20,-134,18000
2016-11-18 21:00:00,20,-114,17980
2016-11-21 00:00:00,40,-74,18000
2016-11-21 01:00:00,-20,-94,18040
2016-11-21 02:00:00,-10,-104,18060
2016-11-21 03:00:00,-10,-114,18070
2016-11-21 04:00:00,-10,-124,18080
2016-11-21 05:00:00,-20,-144,18090
2016-11-21 06:00:00,0,-144,18110
2016-11-21 07:00:00,0,-144,18110
2016-11-21 08:00:00,0,-144,18100
2016-11-21 09:00:00,-50,-194,18100
2016-11-21 10:00:00,-10,-204,18050
2016-11-21 11:00:00,-10,-214,18060
2016-11-21 12:00:00,10,-204,18070
2016-11-21 13:00:00,10,-194,18060
2016-11-21 14:00:00,-20,-214,18050
2016-11-21 15:00:00,-60,-274,18070
2016-11-21 16:00:00,40,-234,18130
2016-11-21 17:00:00,40,-194,18090
2016-11-21 18:00:00,-10,-204,18130
2016-11-21 19:00:00,-30,-234,18120
2016-11-21 20:00:00,0,-234,18150
2016-11-21 21:00:00,10,-224,18150
2016-11-22 00:00:00,60,-164,18140
2016-11-22 01:00:00,-40,-204,18080
2016-11-22 02:00:00,0,-204,18120
2016-11-22 03:00:00,-30,-234,18120
2016-11-22 04:00:00,10,-224,18150
2016-11-22 05:00:00,-10,-234,18140
2016-11-22 06:00:00,-20,-254,18150
2016-11-22 07:00:00,-20,-274,18170
2016-11-22 08:00:00,-10,-284,18190
2016-11-22 09:00:00,0,-284,18200
2016-11-22 10:00:00,20,-264,18210
2016-11-22 11:00:00,0,-264,18190
2016-11-22 12:00:00,10,-254,18190
2016-11-22 13:00:00,-20,-274,18180
2016-11-22 14:00:00,10,-264,18200
2016-11-22 15:00:00,20,-244,18210
2016-11-22 16:00:00,0,-244,18230
2016-11-22 17:00:00,-30,-274,18230
2016-11-22 18:00:00,0,-274,18200
2016-11-22 19:00:00,0,-274,18200
2016-11-22 20:00:00,0,-274,18200
2016-11-22 21:00:00,0,-274,18200
2016-11-24 00:00:00,0,-274,18200
2016-11-24 01:00:00,0,-274,18360
2016-11-24 02:00:00,30,-244,18330
2016-11-24 03:00:00,20,-224,18360
2016-11-24 04:00:00,10,-214,18380
2016-11-24 05:00:00,0,-214,18370
2016-11-24 06:00:00,-30,-244,18370
2016-11-24 07:00:00,30,-214,18340
2016-11-24 08:00:00,60,-154,18370
2016-11-24 09:00:00,10,-144,18430
2016-11-24 10:00:00,-30,-174,18420
2016-11-24 11:00:00,20,-154,18390
2016-11-24 12:00:00,10,-144,18410
2016-11-24 13:00:00,-10,-154,18420
2016-11-24 14:00:00,10,-144,18410
2016-11-24 15:00:00,10,-134,18420
2016-11-24 16:00:00,0,-134,18430
2016-11-24 17:00:00,0,-134,18430
2016-11-24 18:00:00,10,-124,18430
2016-11-24 19:00:00,0,-124,18420
2016-11-24 20:00:00,10,-114,18420
2016-11-24 21:00:00,20,-94,18430
2016-11-25 00:00:00,20,-74,18410
2016-11-25 01:00:00,0,-74,18390
2016-11-25 02:00:00,30,-44,18440
2016-11-25 03:00:00,0,-44,18470
2016-11-25 04:00:00,130,86,18470
2016-11-25 05:00:00,-40,46,18340
2016-11-25 06:00:00,-90,-44,18300
2016-11-25 07:00:00,-10,-54,18390
2016-11-25 08:00:00,50,-4,18380
2016-11-25 09:00:00,-40,-44,18330
2016-11-25 10:00:00,40,-4,18290
2016-11-25 11:00:00,40,36,18330
2016-11-25 12:00:00,-30,6,18290
2016-11-25 13:00:00,0,6,18320
2016-11-25 14:00:00,0,6,18320
2016-11-25 15:00:00,-10,-4,18320
2016-11-25 16:00:00,0,-4,18330
2016-11-25 17:00:00,40,36,18330
2016-11-25 18:00:00,-10,26,18370
2016-11-25 19:00:00,0,26,18380
2016-11-25 20:00:00,20,46,18380
2016-11-25 21:00:00,0,46,18360
2016-11-28 00:00:00,50,96,18360
2016-11-28 01:00:00,50,146,18310
2016-11-28 02:00:00,10,156,18260
2016-11-28 03:00:00,-10,146,18250
2016-11-28 04:00:00,70,216,18240
2016-11-28 05:00:00,30,246,18310
2016-11-28 06:00:00,-20,226,18340
2016-11-28 07:00:00,30,256,18360
2016-11-28 08:00:00,-40,216,18330
2016-11-28 09:00:00,40,256,18290
2016-11-28 10:00:00,40,296,18250
2016-11-28 11:00:00,0,296,18290
2016-11-28 12:00:00,-10,286,18290
2016-11-28 13:00:00,-60,226,18300
2016-11-28 14:00:00,20,246,18360
2016-11-28 15:00:00,10,256,18340
2016-11-28 16:00:00,-60,196,18330
2016-11-28 17:00:00,30,226,18270
2016-11-28 18:00:00,-20,206,18300
2016-11-28 19:00:00,10,216,18320
2016-11-28 20:00:00,10,226,18310
2016-11-28 21:00:00,10,236,18300
2016-11-29 00:00:00,60,296,18290
2016-11-29 01:00:00,70,366,18230
2016-11-29 02:00:00,-10,356,18300
2016-11-29 03:00:00,4,360,18310
2016-11-29 04:00:00,6,366,18306
2016-11-29 05:00:00,10,376,18300
2016-11-29 06:00:00,-30,346,18290
2016-11-29 07:00:00,30,376,18320
2016-11-29 08:00:00,30,406,18290
2016-11-29 09:00:00,60,466,18320
2016-11-29 10:00:00,-10,456,18380
2016-11-29 11:00:00,20,476,18390
2016-11-29 12:00:00,-10,466,18370
2016-11-29 13:00:00,-40,426,18380
2016-11-29 14:00:00,-10,416,18420
2016-11-29 15:00:00,50,466,18430
2016-11-29 16:00:00,-40,426,18380
2016-11-29 17:00:00,10,436,18420
2016-11-29 18:00:00,0,436,18410
2016-11-29 19:00:00,20,456,18410
2016-11-29 20:00:00,-10,446,18390
2016-11-29 21:00:00,0,446,18380
2016-11-30 00:00:00,-20,426,18380
2016-11-30 01:00:00,-40,386,18360
2016-11-30 02:00:00,0,386,18320
2016-11-30 03:00:00,10,396,18320
2016-11-30 04:00:00,-20,376,18330
2016-11-30 05:00:00,10,386,18310
2016-11-30 06:00:00,-10,376,18320
2016-11-30 07:00:00,70,446,18310
2016-11-30 08:00:00,20,466,18380
2016-11-30 09:00:00,30,496,18400
2016-11-30 10:00:00,10,506,18430
2016-11-30 11:00:00,0,506,18440
2016-11-30 12:00:00,50,556,18440
2016-11-30 13:00:00,10,566,18490
2016-11-30 14:00:00,20,586,18500
2016-11-30 15:00:00,30,616,18520
2016-11-30 16:00:00,30,646,18550
2016-11-30 17:00:00,40,686,18580
2016-11-30 18:00:00,-10,676,18620
2016-11-30 19:00:00,20,696,18610
2016-11-30 20:00:00,-20,676,18630
2016-11-30 21:00:00,-20,656,18610
2016-12-01 00:00:00,10,666,18590
2016-12-01 01:00:00,40,706,18600
2016-12-01 02:00:00,80,786,18640
2016-12-01 03:00:00,10,796,18720
2016-12-01 04:00:00,-20,776,18730
2016-12-01 05:00:00,-100,676,18710
2016-12-01 06:00:00,-90,586,18610
2016-12-01 07:00:00,-120,466,18520
2016-12-01 08:00:00,110,576,18400
2016-12-01 09:00:00,30,606,18510
2016-12-01 10:00:00,-60,546,18540
2016-12-01 11:00:00,20,566,18480
2016-12-01 12:00:00,20,586,18500
2016-12-01 13:00:00,-10,576,18520
2016-12-01 14:00:00,10,586,18510
2016-12-01 15:00:00,40,626,18520
2016-12-01 16:00:00,-50,576,18560
2016-12-01 17:00:00,0,576,18510
2016-12-01 18:00:00,-20,556,18510
2016-12-01 19:00:00,-80,476,18490
2016-12-01 20:00:00,20,496,18410
2016-12-01 21:00:00,-20,476,18430
2016-12-02 00:00:00,20,496,18410
2016-12-02 01:00:00,-20,476,18430
2016-12-02 02:00:00,0,476,18410
2016-12-02 03:00:00,0,476,18410
2016-12-02 04:00:00,-20,456,18410
2016-12-02 05:00:00,-10,446,18390
2016-12-02 06:00:00,50,496,18380
2016-12-02 07:00:00,-100,396,18430
2016-12-02 08:00:00,0,396,18330
2016-12-02 09:00:00,-30,366,18330
2016-12-02 10:00:00,-21,345,18300
2016-12-02 11:00:00,-31,314,18279
2016-12-02 12:00:00,-20,294,18310
2016-12-02 13:00:00,-20,274,18330
2016-12-02 14:00:00,-20,254,18350
2016-12-02 15:00:00,10,264,18370
2016-12-02 16:00:00,30,294,18360
2016-12-02 17:00:00,-20,274,18390
2016-12-02 18:00:00,10,284,18370
2016-12-02 19:00:00,20,304,18380
2016-12-02 20:00:00,0,304,18360
2016-12-02 21:00:00,-20,284,18360
2016-12-05 00:00:00,10,294,18340
2016-12-05 01:00:00,10,304,18350
2016-12-05 02:00:00,-30,274,18340
2016-12-05 03:00:00,0,274,18310
2016-12-05 04:00:00,-60,214,18310
2016-12-05 05:00:00,20,234,18250
2016-12-05 06:00:00,0,234,18270
2016-12-05 07:00:00,-10,224,18270
2016-12-05 08:00:00,130,354,18260
2016-12-05 09:00:00,128,482,18390
2016-12-05 10:00:00,-38,444,18518
2016-12-05 11:00:00,-12,432,18480
2016-12-05 12:00:00,2,434,18468
2016-12-05 13:00:00,2,436,18470
2016-12-05 14:00:00,-2,434,18468
2016-12-05 15:00:00,-28,406,18470
2016-12-05 16:00:00,42,448,18498
2016-12-05 17:00:00,60,508,18540
2016-12-05 18:00:00,-70,438,18480
2016-12-05 19:00:00,-10,428,18410
2016-12-05 20:00:00,10,438,18400
2016-12-05 21:00:00,-10,428,18410
2016-12-06 00:00:00,-40,388,18420
2016-12-06 01:00:00,-40,348,18460
2016-12-06 02:00:00,62,410,18420
2016-12-06 03:00:00,9,419,18358
2016-12-06 04:00:00,0,419,18349
2016-12-06 05:00:00,-10,409,18366
2016-12-06 06:00:00,-9,400,18356
2016-12-06 07:00:00,-35,365,18365
2016-12-06 08:00:00,30,395,18400
2016-12-06 09:00:00,-40,355,18370
2016-12-06 10:00:00,30,385,18410
2016-12-06 11:00:00,5,390,18440
2016-12-06 12:00:00,-15,375,18435
2016-12-06 13:00:00,-20,355,18420
2016-12-06 14:00:00,10,365,18400
2016-12-06 15:00:00,0,365,18390
2016-12-06 16:00:00,20,385,18390
2016-12-06 17:00:00,0,385,18410
2016-12-06 18:00:00,20,405,18410
2016-12-06 19:00:00,20,425,18430
2016-12-06 20:00:00,-23,402,18450
2016-12-06 21:00:00,3,405,18473
2016-12-07 00:00:00,30,435,18470
2016-12-07 01:00:00,-40,395,18440
2016-12-07 02:00:00,43,438,18480
2016-12-07 03:00:00,0,438,18437
2016-12-07 04:00:00,23,461,18437
2016-12-07 05:00:00,0,461,18460
2016-12-07 06:00:00,0,461,18460
2016-12-07 07:00:00,0,461,18500
2016-12-07 08:00:00,0,461,18500
2016-12-07 09:00:00,10,471,18550
2016-12-07 10:00:00,20,491,18540
2016-12-07 11:00:00,-20,471,18520
2016-12-07 12:00:00,20,491,18540
2016-12-07 13:00:00,10,501,18520
2016-12-07 14:00:00,20,521,18530
2016-12-07 15:00:00,18,539,18510
2016-12-07 16:00:00,38,577,18528
2016-12-07 17:00:00,27,604,18490
2016-12-07 18:00:00,-23,581,18517
2016-12-07 19:00:00,-90,491,18540
2016-12-07 20:00:00,-20,471,18630
2016-12-07 21:00:00,0,471,18650
2016-12-08 00:00:00,-20,451,18650
2016-12-08 01:00:00,0,451,18670
2016-12-08 02:00:00,59,510,18699
2016-12-08 03:00:00,40,550,18640
2016-12-08 04:00:00,30,580,18680
2016-12-08 05:00:00,0,580,18650
2016-12-08 06:00:00,-90,490,18671
2016-12-08 07:00:00,-29,461,18761
2016-12-08 08:00:00,80,541,18790
2016-12-08 09:00:00,50,591,18710
2016-12-08 10:00:00,0,591,18660
2016-12-08 11:00:00,-30,561,18660
2016-12-08 12:00:00,0,561,18690
2016-12-08 13:00:00,-50,511,18690
2016-12-08 14:00:00,50,561,18740
2016-12-08 15:00:00,-30,531,18790
2016-12-08 16:00:00,10,541,18820
2016-12-08 17:00:00,20,561,18830
2016-12-08 18:00:00,-40,521,18810
2016-12-08 19:00:00,-10,511,18850
2016-12-08 20:00:00,40,551,18860
2016-12-08 21:00:00,0,551,18820
2016-12-09 00:00:00,60,611,18820
2016-12-09 01:00:00,0,611,18760
2016-12-09 02:00:00,-60,551,18850
2016-12-09 03:00:00,0,551,18910
2016-12-09 04:00:00,-10,541,18930
2016-12-09 05:00:00,0,541,18940
2016-12-09 06:00:00,-40,501,18940
2016-12-09 07:00:00,-10,491,18980
2016-12-09 08:00:00,50,541,18990
2016-12-09 09:00:00,10,551,18940
2016-12-09 10:00:00,0,551,18950
2016-12-09 11:00:00,0,551,18950
2016-12-09 12:00:00,-80,471,18980
2016-12-09 13:00:00,-30,441,19060
2016-12-09 14:00:00,-10,431,19090
2016-12-09 15:00:00,-10,421,19100
2016-12-09 16:00:00,-30,391,19110
2016-12-09 17:00:00,30,421,19140
2016-12-09 18:00:00,-10,411,19170
2016-12-09 19:00:00,-10,401,19160
2016-12-09 20:00:00,0,401,19170
2016-12-09 21:00:00,0,401,19170
2016-12-12 00:00:00,0,401,19170
2016-12-12 01:00:00,-40,361,19170
2016-12-12 02:00:00,20,381,19210
2016-12-12 03:00:00,130,511,19190
2016-12-12 04:00:00,-20,491,19060
2016-12-12 05:00:00,-60,431,19080
2016-12-12 06:00:00,20,451,19140
2016-12-12 07:00:00,-70,381,19120
2016-12-12 08:00:00,-10,371,19190
2016-12-12 09:00:00,-10,361,19200
2016-12-12 10:00:00,10,371,19210
2016-12-12 11:00:00,10,381,19200
2016-12-12 12:00:00,-10,371,19190
2016-12-12 13:00:00,-10,361,19180
2016-12-12 14:00:00,-10,351,19190
2016-12-12 15:00:00,-10,341,19180
2016-12-12 16:00:00,20,361,19190
2016-12-12 17:00:00,0,361,19170
2016-12-12 18:00:00,0,361,19140
2016-12-12 19:00:00,-10,351,19070
2016-12-12 20:00:00,20,371,19060
2016-12-12 21:00:00,40,411,19080
2016-12-13 00:00:00,10,421,19040
2016-12-13 01:00:00,-50,371,19050
2016-12-13 02:00:00,0,371,19100
2016-12-13 03:00:00,0,371,19100
2016-12-13 04:00:00,20,391,19090
2016-12-13 05:00:00,-50,341,19110
2016-12-13 06:00:00,-60,281,19160
2016-12-13 07:00:00,20,301,19220
2016-12-13 08:00:00,10,311,19200
2016-12-13 09:00:00,30,341,19190
2016-12-13 10:00:00,20,361,19220
2016-12-13 11:00:00,-20,341,19240
2016-12-13 12:00:00,20,361,19260
2016-12-13 13:00:00,10,371,19240
2016-12-13 14:00:00,30,401,19250
2016-12-13 15:00:00,0,401,19220
2016-12-13 16:00:00,0,401,19270
2016-12-13 17:00:00,10,411,19270
2016-12-13 18:00:00,-10,401,19280
2016-12-13 19:00:00,0,401,19290
2016-12-13 20:00:00,20,421,19300
2016-12-13 21:00:00,10,431,19280
2016-12-14 00:00:00,50,481,19290
2016-12-14 01:00:00,0,481,19240
2016-12-14 02:00:00,0,481,19180
2016-12-14 03:00:00,30,511,19180
2016-12-14 04:00:00,10,521,19210
2016-12-14 05:00:00,-10,511,19220
2016-12-14 06:00:00,20,531,19230
2016-12-14 07:00:00,-30,501,19210
2016-12-14 08:00:00,-20,481,19180
2016-12-14 09:00:00,10,491,19160
2016-12-14 10:00:00,0,491,19170
2016-12-14 11:00:00,0,491,19170
2016-12-14 12:00:00,0,491,19170
2016-12-14 13:00:00,10,501,19160
2016-12-14 15:00:00,-30,471,19170
2016-12-14 16:00:00,0,471,19140
2016-12-14 17:00:00,0,471,19140
2016-12-14 18:00:00,10,481,19140
2016-12-14 19:00:00,70,551,19150
2016-12-14 20:00:00,-80,471,19220
2016-12-14 21:00:00,40,511,19300
2016-12-15 00:00:00,-30,481,19260
2016-12-15 01:00:00,20,501,19290
2016-12-15 02:00:00,20,521,19270
2016-12-15 03:00:00,-100,421,19250
2016-12-15 04:00:00,-20,401,19150
2016-12-15 05:00:00,140,541,19170
2016-12-15 06:00:00,60,601,19310
2016-12-15 07:00:00,-40,561,19250
2016-12-15 08:00:00,-40,521,19290
2016-12-15 09:00:00,10,531,19330
2016-12-15 10:00:00,-20,511,19320
2016-12-15 11:00:00,-70,441,19340
2016-12-15 12:00:00,0,441,19410
2016-12-15 13:00:00,0,441,19410
2016-12-15 14:00:00,50,491,19410
2016-12-15 15:00:00,0,491,19360
2016-12-15 16:00:00,-50,441,19440
2016-12-15 17:00:00,30,471,19490
2016-12-15 18:00:00,0,471,19460
2016-12-15 19:00:00,-40,431,19410
2016-12-15 20:00:00,0,431,19370
2016-12-15 21:00:00,-30,401,19400
2016-12-16 00:00:00,0,401,19430
2016-12-16 01:00:00,0,401,19390
2016-12-16 02:00:00,0,401,19350
2016-12-16 03:00:00,0,401,19350
2016-12-16 04:00:00,0,401,19360
2016-12-16 05:00:00,10,411,19350
2016-12-16 06:00:00,20,431,19360
2016-12-16 07:00:00,0,431,19380
2016-12-16 08:00:00,10,441,19380
2016-12-16 09:00:00,-10,431,19370
2016-12-16 10:00:00,-30,401,19360
2016-12-16 11:00:00,60,461,19330
2016-12-16 12:00:00,-20,441,19390
2016-12-16 13:00:00,10,451,19370
2016-12-16 14:00:00,-10,441,19360
2016-12-16 15:00:00,0,441,19350
2016-12-16 16:00:00,20,461,19360
2016-12-16 17:00:00,90,551,19380
2016-12-16 18:00:00,40,591,19290
2016-12-16 19:00:00,20,611,19250
2016-12-16 20:00:00,20,631,19270
2016-12-16 21:00:00,-30,601,19290
2016-12-19 00:00:00,40,641,19260
2016-12-19 01:00:00,-10,631,19300
2016-12-19 02:00:00,0,631,19310
2016-12-19 03:00:00,-10,621,19310
2016-12-19 04:00:00,-10,611,19320
2016-12-19 05:00:00,-10,601,19330
2016-12-19 06:00:00,-20,581,19340
2016-12-19 07:00:00,-10,571,19360
2016-12-19 08:00:00,-10,561,19370
2016-12-19 09:00:00,-20,541,19380
2016-12-19 10:00:00,0,541,19400
2016-12-19 11:00:00,-10,531,19400
2016-12-19 12:00:00,-20,511,19390
2016-12-19 13:00:00,0,511,19370
2016-12-19 14:00:00,-30,481,19370
2016-12-19 15:00:00,-10,471,19340
2016-12-19 16:00:00,0,471,19350
2016-12-19 17:00:00,0,471,19350
2016-12-19 18:00:00,20,491,19290
2016-12-19 19:00:00,-40,451,19310
2016-12-19 20:00:00,-10,441,19350
2016-12-19 21:00:00,20,461,19360
2016-12-20 00:00:00,10,471,19340
2016-12-20 01:00:00,40,511,19330
2016-12-20 02:00:00,30,541,19370
2016-12-20 03:00:00,50,591,19340
2016-12-20 04:00:00,20,611,19390
2016-12-20 05:00:00,-90,521,19370
2016-12-20 06:00:00,0,521,19460
2016-12-20 07:00:00,-40,481,19460
2016-12-20 08:00:00,-20,461,19500
2016-12-20 09:00:00,50,511,19520
2016-12-20 10:00:00,20,531,19570
2016-12-20 11:00:00,10,541,19550
2016-12-20 12:00:00,10,551,19540
2016-12-20 13:00:00,30,581,19550
2016-12-20 14:00:00,-10,571,19580
2016-12-20 15:00:00,-10,561,19590
2016-12-20 16:00:00,10,571,19600
2016-12-20 17:00:00,-40,531,19610
2016-12-20 18:00:00,20,551,19570
2016-12-20 19:00:00,10,561,19550
2016-12-20 20:00:00,10,571,19560
2016-12-20 21:00:00,0,571,19550
2016-12-21 00:00:00,-40,531,19550
2016-12-21 01:00:00,30,561,19510
2016-12-21 02:00:00,-40,521,19540
2016-12-21 03:00:00,20,541,19500
2016-12-21 04:00:00,-30,511,19480
2016-12-21 05:00:00,140,651,19510
2016-12-21 06:00:00,50,701,19370
2016-12-21 07:00:00,10,711,19420
2016-12-21 08:00:00,0,711,19430
2016-12-21 09:00:00,10,721,19430
2016-12-21 10:00:00,30,751,19440
2016-12-21 11:00:00,10,761,19410
2016-12-21 12:00:00,40,801,19400
2016-12-21 13:00:00,10,811,19360
2016-12-21 14:00:00,-10,801,19370
2016-12-21 15:00:00,0,801,19360
2016-12-21 16:00:00,40,841,19380
2016-12-21 17:00:00,-10,831,19420
2016-12-21 18:00:00,0,831,19430
2016-12-21 19:00:00,0,831,19430
2016-12-21 20:00:00,0,831,19410
2016-12-21 21:00:00,0,831,19410
2016-12-22 00:00:00,50,881,19420
2016-12-22 01:00:00,-30,851,19370
2016-12-22 02:00:00,0,851,19340
2016-12-22 03:00:00,20,871,19340
2016-12-22 04:00:00,30,901,19360
2016-12-22 05:00:00,10,911,19330
2016-12-22 06:00:00,-30,881,19340
2016-12-22 07:00:00,10,891,19370
2016-12-22 08:00:00,-10,881,19360
2016-12-22 09:00:00,-10,871,19370
2016-12-22 10:00:00,20,891,19360
2016-12-22 11:00:00,10,901,19380
2016-12-22 12:00:00,0,901,19370
2016-12-22 13:00:00,-10,891,19370
2016-12-22 14:00:00,0,891,19380
2016-12-22 15:00:00,40,931,19400
2016-12-22 16:00:00,0,931,19360
2016-12-22 17:00:00,10,941,19360
2016-12-22 18:00:00,0,941,19350
2016-12-22 19:00:00,-30,911,19350
2016-12-22 20:00:00,0,911,19380
2016-12-22 21:00:00,-20,891,19380
2016-12-26 00:00:00,30,921,19360
2016-12-26 01:00:00,30,951,19390
2016-12-26 02:00:00,-10,941,19360
2016-12-26 03:00:00,-20,921,19370
2016-12-26 04:00:00,10,931,19390
2016-12-26 05:00:00,0,931,19380
2016-12-26 06:00:00,10,941,19380
2016-12-26 07:00:00,50,991,19370
2016-12-26 08:00:00,10,1001,19320
2016-12-26 09:00:00,10,1011,19310
2016-12-26 10:00:00,10,1021,19300
2016-12-26 11:00:00,0,1021,19310
2016-12-26 12:00:00,0,1021,19310
2016-12-26 13:00:00,0,1021,19310
2016-12-26 14:00:00,10,1031,19310
2016-12-26 15:00:00,-10,1021,19320
2016-12-26 16:00:00,0,1021,19310
2016-12-26 17:00:00,0,1021,19310
2016-12-26 18:00:00,10,1031,19310
2016-12-26 19:00:00,0,1031,19320
2016-12-26 20:00:00,0,1031,19320
2016-12-26 21:00:00,20,1051,19320
2016-12-27 00:00:00,10,1061,19340
2016-12-27 01:00:00,60,1121,19330
2016-12-27 02:00:00,-20,1101,19390
2016-12-27 03:00:00,-20,1081,19410
2016-12-27 04:00:00,30,1111,19430
2016-12-27 05:00:00,30,1141,19400
2016-12-27 06:00:00,0,1141,19370
2016-12-27 07:00:00,-30,1111,19370
2016-12-27 08:00:00,20,1131,19340
2016-12-27 09:00:00,0,1131,19360
2016-12-27 10:00:00,0,1131,19360
2016-12-27 11:00:00,-10,1121,19360
2016-12-27 12:00:00,-10,1111,19370
2016-12-27 13:00:00,0,1111,19380
2016-12-27 14:00:00,0,1111,19380
2016-12-27 15:00:00,-40,1071,19380
2016-12-27 16:00:00,0,1071,19420
2016-12-27 17:00:00,30,1101,19430
2016-12-27 18:00:00,10,1111,19400
2016-12-27 19:00:00,10,1121,19390
2016-12-27 20:00:00,0,1121,19400
2016-12-27 21:00:00,-20,1101,19400
2016-12-28 00:00:00,10,1111,19420
2016-12-28 01:00:00,30,1141,19410
2016-12-28 02:00:00,-10,1131,19380
2016-12-28 03:00:00,-30,1101,19390
2016-12-28 04:00:00,10,1111,19420
2016-12-28 05:00:00,-20,1091,19410
2016-12-28 06:00:00,30,1121,19430
2016-12-28 07:00:00,-30,1091,19400
2016-12-28 08:00:00,-20,1071,19430
2016-12-28 09:00:00,0,1071,19450
2016-12-28 10:00:00,0,1071,19450
2016-12-28 11:00:00,-20,1051,19450
2016-12-28 12:00:00,10,1061,19470
2016-12-28 13:00:00,0,1061,19460
2016-12-28 14:00:00,0,1061,19460
2016-12-28 15:00:00,30,1091,19460
2016-12-28 16:00:00,20,1111,19430
2016-12-28 17:00:00,-10,1101,19410
2016-12-28 18:00:00,30,1131,19420
2016-12-28 19:00:00,-50,1081,19390
2016-12-28 20:00:00,-10,1071,19340
2016-12-28 21:00:00,0,1071,19330
2016-12-29 00:00:00,10,1081,19300
2016-12-29 01:00:00,-80,1001,19310
2016-12-29 02:00:00,-60,941,19230
2016-12-29 03:00:00,20,961,19170
2016-12-29 04:00:00,-40,921,19190
2016-12-29 05:00:00,10,931,19150
2016-12-29 06:00:00,0,931,19140
2016-12-29 07:00:00,-70,861,19140
2016-12-29 08:00:00,50,911,19070
2016-12-29 09:00:00,50,961,19020
2016-12-29 10:00:00,-40,921,19070
2016-12-29 11:00:00,10,931,19030
2016-12-29 12:00:00,0,931,19040
2016-12-29 13:00:00,30,961,19040
2016-12-29 14:00:00,-20,941,19070
2016-12-29 15:00:00,0,941,19050
2016-12-29 16:00:00,-40,901,19050
2016-12-29 17:00:00,60,961,19010
2016-12-29 18:00:00,10,971,18950
2016-12-29 19:00:00,0,971,18960
2016-12-29 20:00:00,-40,931,18960
2016-12-29 21:00:00,0,931,19000
2016-12-30 00:00:00,0,931,19000
2016-12-30 01:00:00,10,941,18990
2016-12-30 02:00:00,-30,911,19000
2016-12-30 03:00:00,-40,871,19030
2016-12-30 04:00:00,50,921,19070
2016-12-30 05:00:00,-10,911,19120
2016-12-30 06:00:00,40,951,19130
2016-12-30 07:00:00,0,951,19090
2016-12-30 08:00:00,10,961,19090
2016-12-30 09:00:00,-20,941,19100
2016-12-30 10:00:00,10,951,19080
2016-12-30 11:00:00,-10,941,19070
2016-12-30 12:00:00,0,941,19080
2016-12-30 13:00:00,-40,901,19080
2016-12-30 14:00:00,20,921,19120
2016-12-30 15:00:00,50,971,19100
2016-12-30 16:00:00,10,981,19050
2016-12-30 17:00:00,20,1001,19040
2016-12-30 18:00:00,20,1021,19060
2016-12-30 19:00:00,-10,1011,19040
2016-12-30 20:00:00,30,1041,19050
2016-12-30 21:00:00,-20,1021,19020
2017-01-04 00:00:00,-230,791,19040
2017-01-04 01:00:00,170,961,19270
2017-01-04 02:00:00,-60,901,19440
2017-01-04 03:00:00,0,901,19500
2017-01-04 04:00:00,-20,881,19500
2017-01-04 05:00:00,-40,841,19520
2017-01-04 06:00:00,-20,821,19560
2017-01-04 07:00:00,-50,771,19580
2017-01-04 08:00:00,10,781,19630
2017-01-04 09:00:00,50,831,19620
2017-01-04 10:00:00,10,841,19570
2017-01-04 11:00:00,10,851,19580
2017-01-04 12:00:00,0,851,19570
2017-01-04 13:00:00,-10,841,19570
2017-01-04 14:00:00,10,851,19580
2017-01-04 15:00:00,40,891,19590
2017-01-04 16:00:00,0,891,19550
2017-01-04 17:00:00,-50,841,19560
2017-01-04 18:00:00,20,861,19610
2017-01-04 19:00:00,0,861,19590
2017-01-04 20:00:00,60,921,19590
2017-01-04 21:00:00,10,931,19650
2017-01-05 00:00:00,0,931,19660
2017-01-05 01:00:00,50,981,19590
2017-01-05 02:00:00,0,981,19540
2017-01-05 03:00:00,-30,951,19540
2017-01-05 04:00:00,-10,941,19510
2017-01-05 05:00:00,0,941,19500
2017-01-05 06:00:00,30,971,19480
2017-01-05 07:00:00,-10,961,19510
2017-01-05 08:00:00,-70,891,19500
2017-01-05 09:00:00,-60,831,19430
2017-01-05 10:00:00,50,881,19490
2017-01-05 11:00:00,-10,871,19540
2017-01-05 12:00:00,0,871,19550
2017-01-05 13:00:00,0,871,19540
2017-01-05 14:00:00,-30,841,19510
2017-01-05 15:00:00,30,871,19480
2017-01-05 16:00:00,70,941,19510
2017-01-05 17:00:00,50,991,19440
2017-01-05 18:00:00,-20,971,19390
2017-01-05 19:00:00,10,981,19410
2017-01-05 20:00:00,-20,961,19420
2017-01-05 21:00:00,0,961,19440
2017-01-06 00:00:00,-90,871,19430
2017-01-06 01:00:00,-80,791,19340
2017-01-06 02:00:00,0,791,19420
2017-01-06 03:00:00,0,791,19430
2017-01-06 04:00:00,0,791,19430
2017-01-06 05:00:00,0,791,19430
2017-01-06 06:00:00,0,791,19430
2017-01-06 07:00:00,0,791,19450
2017-01-06 08:00:00,0,791,19400
2017-01-06 09:00:00,0,791,19450
2017-01-06 10:00:00,-10,781,19420
2017-01-06 11:00:00,0,781,19410
2017-01-06 12:00:00,0,781,19410
2017-01-06 13:00:00,-20,761,19430
2017-01-06 14:00:00,0,761,19410
2017-01-06 15:00:00,0,761,19540
2017-01-06 16:00:00,0,761,19550
2017-01-06 17:00:00,-40,721,19540
2017-01-06 18:00:00,20,741,19580
2017-01-06 19:00:00,10,751,19600
2017-01-06 20:00:00,10,761,19610
2017-01-06 21:00:00,0,761,19600
2017-01-10 00:00:00,210,971,19600
2017-01-10 01:00:00,0,971,19390
2017-01-10 02:00:00,30,1001,19380
2017-01-10 03:00:00,50,1051,19410
2017-01-10 04:00:00,-110,941,19360
2017-01-10 05:00:00,-60,881,19250
2017-01-10 06:00:00,20,901,19310
2017-01-10 07:00:00,20,921,19290
2017-01-10 08:00:00,-30,891,19310
2017-01-10 09:00:00,20,911,19340
2017-01-10 10:00:00,50,961,19320
2017-01-10 11:00:00,0,961,19370
2017-01-10 12:00:00,20,981,19370
2017-01-10 13:00:00,20,1001,19350
2017-01-10 14:00:00,0,1001,19370
2017-01-10 15:00:00,-60,941,19370
2017-01-10 16:00:00,20,961,19310
2017-01-10 17:00:00,-40,921,19330
2017-01-10 18:00:00,0,921,19370
2017-01-10 19:00:00,20,941,19370
2017-01-10 20:00:00,0,941,19350
2017-01-10 21:00:00,0,941,19340
2017-01-11 00:00:00,-20,921,19340
2017-01-11 01:00:00,0,921,19360
2017-01-11 02:00:00,10,931,19360
2017-01-11 03:00:00,-10,921,19350
2017-01-11 04:00:00,0,921,19360
2017-01-11 05:00:00,20,941,19360
2017-01-11 06:00:00,10,951,19340
2017-01-11 07:00:00,0,951,19350
2017-01-11 08:00:00,0,951,19350
2017-01-11 09:00:00,20,971,19350
2017-01-11 10:00:00,-50,921,19330
2017-01-11 11:00:00,20,941,19380
2017-01-11 12:00:00,0,941,19400
2017-01-11 13:00:00,0,941,19400
2017-01-11 14:00:00,-10,931,19390
2017-01-11 15:00:00,-80,851,19380
2017-01-11 16:00:00,0,851,19460
2017-01-11 17:00:00,0,851,19440
2017-01-11 18:00:00,-170,681,19450
2017-01-11 19:00:00,50,731,19280
2017-01-11 20:00:00,60,791,19230
2017-01-11 21:00:00,-40,751,19290
2017-01-12 00:00:00,80,831,19330
2017-01-12 01:00:00,0,831,19250
2017-01-12 02:00:00,70,901,19120
2017-01-12 03:00:00,20,921,19190
2017-01-12 04:00:00,90,1011,19170
2017-01-12 05:00:00,30,1041,19080
2017-01-12 06:00:00,-10,1031,19110
2017-01-12 07:00:00,10,1041,19120
2017-01-12 08:00:00,10,1051,19110
2017-01-12 09:00:00,80,1131,19100
2017-01-12 10:00:00,-40,1091,19020
2017-01-12 11:00:00,-30,1061,19060
2017-01-12 12:00:00,30,1091,19090
2017-01-12 13:00:00,0,1091,19120
2017-01-12 14:00:00,-40,1051,19090
2017-01-12 15:00:00,80,1131,19130
2017-01-12 16:00:00,-60,1071,19050
2017-01-12 17:00:00,10,1081,18990
2017-01-12 18:00:00,-60,1021,18980
2017-01-12 19:00:00,-70,951,19040
2017-01-12 20:00:00,-50,901,19110
2017-01-12 21:00:00,10,911,19160
2017-01-13 00:00:00,20,931,19150
2017-01-13 01:00:00,-30,901,19170
2017-01-13 02:00:00,20,921,19200
2017-01-13 03:00:00,-50,871,19220
2017-01-13 04:00:00,0,871,19270
2017-01-13 05:00:00,30,901,19270
2017-01-13 06:00:00,20,921,19240
2017-01-13 07:00:00,-10,911,19260
2017-01-13 08:00:00,20,931,19250
2017-01-13 09:00:00,0,931,19230
2017-01-13 10:00:00,-10,921,19230
2017-01-13 11:00:00,10,931,19220
2017-01-13 12:00:00,-10,921,19230
2017-01-13 13:00:00,0,921,19240
2017-01-13 14:00:00,0,921,19240
2017-01-13 15:00:00,0,921,19270
2017-01-13 16:00:00,10,931,19330
2017-01-13 17:00:00,0,931,19320
2017-01-13 18:00:00,-30,901,19320
2017-01-13 19:00:00,0,901,19290
2017-01-13 20:00:00,0,901,19260
2017-01-13 21:00:00,0,901,19240
2017-01-16 00:00:00,40,941,19250
2017-01-16 01:00:00,20,961,19210
2017-01-16 02:00:00,-60,901,19190
2017-01-16 03:00:00,80,981,19130
2017-01-16 04:00:00,0,981,19050
2017-01-16 05:00:00,-60,921,19050
2017-01-16 06:00:00,20,941,19110
2017-01-16 07:00:00,30,971,19090
2017-01-16 08:00:00,-20,951,19060
2017-01-16 09:00:00,0,951,19080
2017-01-16 10:00:00,-10,941,19080
2017-01-16 11:00:00,0,941,19090
2017-01-16 12:00:00,0,941,19090
2017-01-16 13:00:00,0,941,19080
2017-01-16 14:00:00,0,941,19080
2017-01-16 15:00:00,0,941,19080
2017-01-16 16:00:00,0,941,19050
2017-01-16 17:00:00,20,961,19050
2017-01-16 18:00:00,-10,951,19030
2017-01-16 19:00:00,-10,941,19040
2017-01-16 20:00:00,0,941,19050
2017-01-16 21:00:00,0,941,19050
2017-01-17 00:00:00,-10,931,19050
2017-01-17 01:00:00,170,1101,19060
2017-01-17 02:00:00,120,1221,18890
2017-01-17 03:00:00,50,1271,19010
2017-01-17 04:00:00,20,1291,18960
2017-01-17 05:00:00,-20,1271,18940
2017-01-17 06:00:00,120,1391,18920
2017-01-17 07:00:00,-70,1321,18800
2017-01-17 08:00:00,-20,1301,18730
2017-01-17 09:00:00,0,1301,18750
2017-01-17 10:00:00,-30,1271,18750
2017-01-17 11:00:00,-10,1261,18720
2017-01-17 12:00:00,0,1261,18710
2017-01-17 13:00:00,140,1401,18710
2017-01-17 14:00:00,60,1461,18850
2017-01-17 15:00:00,-40,1421,18790
2017-01-17 16:00:00,80,1501,18750
2017-01-17 17:00:00,-50,1451,18830
2017-01-17 18:00:00,10,1461,18780
2017-01-17 19:00:00,0,1461,18790
2017-01-17 20:00:00,70,1531,18770
2017-01-17 21:00:00,10,1541,18700
2017-01-18 00:00:00,-40,1501,18710
2017-01-18 01:00:00,100,1601,18750
2017-01-18 02:00:00,50,1651,18650
2017-01-18 03:00:00,50,1701,18700
2017-01-18 04:00:00,-30,1671,18750
2017-01-18 05:00:00,0,1671,18780
2017-01-18 06:00:00,-90,1581,18800
2017-01-18 07:00:00,0,1581,18890
2017-01-18 08:00:00,0,1581,18830
2017-01-18 09:00:00,-10,1571,18830
2017-01-18 10:00:00,0,1571,18820
2017-01-18 11:00:00,40,1611,18800
2017-01-18 12:00:00,10,1621,18840
2017-01-18 13:00:00,20,1641,18830
2017-01-18 14:00:00,-20,1621,18850
2017-01-18 15:00:00,30,1651,18870
2017-01-18 16:00:00,-10,1641,18840
2017-01-18 17:00:00,10,1651,18830
2017-01-18 18:00:00,10,1661,18840
2017-01-18 19:00:00,30,1691,18830
2017-01-18 20:00:00,10,1701,18860
2017-01-18 21:00:00,-70,1631,18870
2017-01-19 00:00:00,-110,1521,18940
2017-01-19 01:00:00,-30,1491,19050
2017-01-19 02:00:00,-10,1481,19080
2017-01-19 03:00:00,40,1521,19090
2017-01-19 04:00:00,-20,1501,19050
2017-01-19 05:00:00,30,1531,19030
2017-01-19 06:00:00,0,1531,19060
2017-01-19 07:00:00,0,1531,19060
2017-01-19 08:00:00,-20,1511,19100
2017-01-19 09:00:00,50,1561,19120
2017-01-19 10:00:00,-10,1551,19070
2017-01-19 11:00:00,-10,1541,19060
2017-01-19 12:00:00,0,1541,19070
2017-01-19 13:00:00,0,1541,19070
2017-01-19 14:00:00,0,1541,19070
2017-01-19 15:00:00,0,1541,19110
2017-01-19 16:00:00,40,1581,19170
2017-01-19 17:00:00,0,1581,19130
2017-01-19 18:00:00,20,1601,19130
2017-01-19 19:00:00,0,1601,19150
2017-01-19 20:00:00,-80,1521,19090
2017-01-19 21:00:00,30,1551,19010
2017-01-20 00:00:00,0,1551,19040
2017-01-20 01:00:00,70,1621,19040
2017-01-20 02:00:00,50,1671,19110
2017-01-20 03:00:00,10,1681,19060
2017-01-20 04:00:00,0,1681,19070
2017-01-20 05:00:00,-50,1631,19070
2017-01-20 06:00:00,-20,1611,19120
2017-01-20 07:00:00,0,1611,19140
2017-01-20 08:00:00,-10,1601,19160
2017-01-20 09:00:00,-30,1571,19170
2017-01-20 10:00:00,-20,1551,19200
2017-01-20 11:00:00,20,1571,19220
2017-01-20 12:00:00,0,1571,19240
2017-01-20 13:00:00,-10,1561,19240
2017-01-20 14:00:00,-20,1541,19230
2017-01-20 15:00:00,-50,1491,19210
2017-01-20 16:00:00,-30,1461,19260
2017-01-20 17:00:00,10,1471,19230
2017-01-20 18:00:00,60,1531,19240
2017-01-20 19:00:00,-10,1521,19180
2017-01-20 20:00:00,100,1621,19170
2017-01-20 21:00:00,20,1641,19070
2017-01-23 00:00:00,-150,1491,19090
2017-01-23 01:00:00,20,1511,18940
2017-01-23 02:00:00,20,1531,18920
2017-01-23 03:00:00,20,1551,18900
2017-01-23 04:00:00,0,1551,18920
2017-01-23 05:00:00,0,1551,18920
2017-01-23 06:00:00,130,1681,19010
2017-01-23 07:00:00,40,1721,18880
2017-01-23 08:00:00,-10,1711,18920
2017-01-23 09:00:00,0,1711,18910
2017-01-23 10:00:00,-20,1691,18920
2017-01-23 11:00:00,0,1691,18940
2017-01-23 12:00:00,0,1691,18940
2017-01-23 13:00:00,0,1691,18940
2017-01-23 14:00:00,-10,1681,18920
2017-01-23 15:00:00,-50,1631,18910
2017-01-23 16:00:00,-130,1501,18960
2017-01-23 17:00:00,20,1521,18830
2017-01-23 18:00:00,40,1561,18810
2017-01-23 19:00:00,-20,1541,18850
2017-01-23 20:00:00,10,1551,18870
2017-01-23 21:00:00,20,1571,18880
2017-01-24 00:00:00,-60,1511,18860
2017-01-24 01:00:00,20,1531,18800
2017-01-24 02:00:00,-30,1501,18820
2017-01-24 03:00:00,30,1531,18850
2017-01-24 04:00:00,0,1531,18820
2017-01-24 05:00:00,0,1531,18820
2017-01-24 06:00:00,0,1531,18820
2017-01-24 07:00:00,-60,1471,18780
2017-01-24 08:00:00,-30,1441,18840
2017-01-24 09:00:00,10,1451,18870
2017-01-24 10:00:00,20,1471,18860
2017-01-24 11:00:00,20,1491,18880
2017-01-24 12:00:00,-30,1461,18900
2017-01-24 13:00:00,10,1471,18870
2017-01-24 14:00:00,-10,1461,18880
2017-01-24 15:00:00,20,1481,18890
2017-01-24 16:00:00,10,1491,18870
2017-01-24 17:00:00,60,1551,18880
2017-01-24 18:00:00,-20,1531,18940
2017-01-24 19:00:00,-50,1481,18960
2017-01-24 20:00:00,-40,1441,19010
2017-01-24 21:00:00,-10,1431,19050
2017-01-25 00:00:00,-20,1411,19060
2017-01-25 01:00:00,40,1451,19080
2017-01-25 02:00:00,0,1451,19040
2017-01-25 03:00:00,0,1451,19040
2017-01-25 04:00:00,10,1461,18980
2017-01-25 05:00:00,20,1481,18990
2017-01-25 06:00:00,-20,1461,19010
2017-01-25 07:00:00,-40,1421,19030
2017-01-25 08:00:00,0,1421,19070
2017-01-25 09:00:00,0,1421,19070
2017-01-25 10:00:00,10,1431,19120
2017-01-25 11:00:00,20,1451,19110
2017-01-25 12:00:00,0,1451,19130
2017-01-25 13:00:00,0,1451,19130
2017-01-25 14:00:00,0,1451,19130
2017-01-25 15:00:00,0,1451,19170
2017-01-25 16:00:00,10,1461,19220
2017-01-25 17:00:00,0,1461,19210
2017-01-25 18:00:00,-10,1451,19220
2017-01-25 19:00:00,10,1461,19230
2017-01-25 20:00:00,-10,1451,19240
2017-01-25 21:00:00,20,1471,19250
2017-01-26 00:00:00,-10,1461,19230
2017-01-26 01:00:00,40,1501,19240
2017-01-26 02:00:00,10,1511,19280
2017-01-26 03:00:00,-50,1461,19290
2017-01-26 04:00:00,-10,1451,19340
2017-01-26 05:00:00,0,1451,19350
2017-01-26 06:00:00,20,1471,19350
2017-01-26 07:00:00,90,1561,19370
2017-01-26 08:00:00,-20,1541,19460
2017-01-26 09:00:00,20,1561,19480
2017-01-26 10:00:00,80,1641,19460
2017-01-26 11:00:00,0,1641,19540
2017-01-26 12:00:00,10,1651,19540
2017-01-26 13:00:00,0,1651,19530
2017-01-26 14:00:00,0,1651,19530
2017-01-26 15:00:00,0,1651,19530
2017-01-26 16:00:00,-20,1631,19520
2017-01-26 17:00:00,-10,1621,19540
2017-01-26 18:00:00,10,1631,19530
2017-01-26 19:00:00,-30,1601,19520
2017-01-26 20:00:00,0,1601,19490
2017-01-26 21:00:00,-10,1591,19490
2017-01-27 00:00:00,-30,1561,19480
2017-01-27 01:00:00,-10,1551,19450
2017-01-27 02:00:00,10,1561,19460
2017-01-27 03:00:00,10,1571,19450
2017-01-27 04:00:00,0,1571,19460
2017-01-27 05:00:00,0,1571,19460
2017-01-27 06:00:00,0,1571,19430
2017-01-27 07:00:00,20,1591,19440
2017-01-27 08:00:00,80,1671,19460
2017-01-27 09:00:00,-30,1641,19540
2017-01-27 10:00:00,-50,1591,19510
2017-01-27 11:00:00,20,1611,19460
2017-01-27 12:00:00,0,1611,19480
2017-01-27 13:00:00,30,1641,19480
2017-01-27 14:00:00,10,1651,19510
2017-01-27 15:00:00,-40,1611,19500
2017-01-27 16:00:00,-10,1601,19460
2017-01-27 17:00:00,-20,1581,19450
2017-01-27 18:00:00,-10,1571,19470
2017-01-27 19:00:00,10,1581,19480
2017-01-27 20:00:00,10,1591,19470
2017-01-27 21:00:00,30,1621,19460
2017-01-30 00:00:00,-80,1541,19430
2017-01-30 01:00:00,-20,1521,19350
2017-01-30 02:00:00,-30,1491,19330
2017-01-30 03:00:00,0,1491,19300
2017-01-30 04:00:00,30,1521,19300
2017-01-30 05:00:00,-20,1501,19330
2017-01-30 06:00:00,10,1511,19350
2017-01-30 07:00:00,10,1521,19340
2017-01-30 08:00:00,10,1531,19330
2017-01-30 09:00:00,10,1541,19340
2017-01-30 10:00:00,-10,1531,19330
2017-01-30 11:00:00,-10,1521,19320
2017-01-30 12:00:00,10,1531,19310
2017-01-30 13:00:00,-10,1521,19320
2017-01-30 14:00:00,-30,1491,19310
2017-01-30 15:00:00,-90,1401,19280
2017-01-30 16:00:00,110,1511,19190
2017-01-30 17:00:00,60,1571,19080
2017-01-30 18:00:00,-40,1531,19140
2017-01-30 19:00:00,-10,1521,19100
2017-01-30 20:00:00,-20,1501,19110
2017-01-30 21:00:00,-20,1481,19130
2017-01-31 00:00:00,10,1491,19110
2017-01-31 01:00:00,30,1521,19120
2017-01-31 02:00:00,20,1541,19150
2017-01-31 03:00:00,70,1611,19130
2017-01-31 04:00:00,-10,1601,19060
2017-01-31 05:00:00,0,1601,19070
2017-01-31 06:00:00,80,1681,19120
2017-01-31 07:00:00,60,1741,19040
2017-01-31 08:00:00,-30,1711,18980
2017-01-31 09:00:00,-70,1641,19010
2017-01-31 10:00:00,-10,1631,19080
2017-01-31 11:00:00,10,1641,19090
2017-01-31 12:00:00,30,1671,19080
2017-01-31 13:00:00,40,1711,19050
2017-01-31 14:00:00,20,1731,19010
2017-01-31 15:00:00,150,1881,19030
2017-01-31 16:00:00,0,1881,18880
2017-01-31 17:00:00,0,1881,18880
2017-01-31 18:00:00,40,1921,18880
2017-01-31 19:00:00,70,1991,18920
2017-01-31 20:00:00,-80,1911,18850
2017-01-31 21:00:00,-50,1861,18930
2017-02-01 00:00:00,60,1921,18980
2017-02-01 01:00:00,90,2011,18920
2017-02-01 02:00:00,-20,1991,19010
2017-02-01 03:00:00,-20,1971,19030
2017-02-01 04:00:00,-30,1941,19050
2017-02-01 05:00:00,-60,1881,19080
2017-02-01 06:00:00,10,1891,19140
2017-02-01 07:00:00,60,1951,19130
2017-02-01 08:00:00,-30,1921,19190
2017-02-01 09:00:00,20,1941,19220
2017-02-01 10:00:00,-10,1931,19200
2017-02-01 11:00:00,10,1941,19210
2017-02-01 12:00:00,10,1951,19200
2017-02-01 13:00:00,-10,1941,19190
2017-02-01 14:00:00,-50,1891,19200
2017-02-01 15:00:00,10,1901,19250
2017-02-01 16:00:00,0,1901,19260
2017-02-01 17:00:00,-20,1881,19180
2017-02-01 18:00:00,-30,1851,19160
2017-02-01 19:00:00,-20,1831,19190
2017-02-01 20:00:00,50,1881,19210
2017-02-01 21:00:00,20,1901,19160
2017-02-02 00:00:00,-30,1871,19180
2017-02-02 01:00:00,-90,1781,19150
2017-02-02 02:00:00,-10,1771,19060
2017-02-02 03:00:00,0,1771,19050
2017-02-02 04:00:00,-70,1701,19050
2017-02-02 05:00:00,20,1721,18980
2017-02-02 06:00:00,-70,1651,18960
2017-02-02 07:00:00,40,1691,18890
2017-02-02 08:00:00,-20,1671,18930
2017-02-02 09:00:00,30,1701,18950
2017-02-02 10:00:00,0,1701,18920
2017-02-02 11:00:00,0,1701,18920
2017-02-02 12:00:00,-10,1691,18920
2017-02-02 13:00:00,-20,1671,18930
2017-02-02 14:00:00,-40,1631,18950
2017-02-02 15:00:00,30,1661,18910
2017-02-02 16:00:00,50,1711,18940
2017-02-02 17:00:00,40,1751,18990
2017-02-02 18:00:00,-70,1681,18950
2017-02-02 19:00:00,-10,1671,19020
2017-02-02 20:00:00,-20,1651,19030
2017-02-02 21:00:00,40,1691,19010
2017-02-03 00:00:00,40,1731,19050
2017-02-03 01:00:00,20,1751,19010
2017-02-03 02:00:00,-30,1721,18990
2017-02-03 03:00:00,140,1861,18960
2017-02-03 04:00:00,120,1981,18820
2017-02-03 05:00:00,-60,1921,18940
2017-02-03 06:00:00,20,1941,18880
2017-02-03 07:00:00,40,1981,18900
2017-02-03 08:00:00,40,2021,18940
2017-02-03 09:00:00,10,2031,18980
2017-02-03 10:00:00,0,2031,18990
2017-02-03 11:00:00,-10,2021,19010
2017-02-03 12:00:00,10,2031,19000
2017-02-03 13:00:00,10,2041,19010
2017-02-03 14:00:00,10,2051,19000
2017-02-03 15:00:00,30,2081,19010
2017-02-03 16:00:00,10,2091,18980
2017-02-03 17:00:00,-20,2071,18990
2017-02-03 18:00:00,30,2101,19010
2017-02-03 19:00:00,30,2131,19040
2017-02-03 20:00:00,10,2141,19070
2017-02-03 21:00:00,10,2151,19080
2017-02-06 00:00:00,-20,2131,19090
2017-02-06 01:00:00,-140,1991,19070
2017-02-06 02:00:00,20,2011,18930
2017-02-06 03:00:00,10,2021,18950
2017-02-06 04:00:00,-50,1971,18960
2017-02-06 05:00:00,30,2001,18910
2017-02-06 06:00:00,30,2031,18940
2017-02-06 07:00:00,20,2051,18970
2017-02-06 08:00:00,40,2091,18950
2017-02-06 09:00:00,40,2131,18990
2017-02-06 10:00:00,20,2151,18950
2017-02-06 11:00:00,0,2151,18970
2017-02-06 12:00:00,20,2171,18970
2017-02-06 13:00:00,50,2221,18950
2017-02-06 14:00:00,40,2261,18900
2017-02-06 15:00:00,-50,2211,18860
2017-02-06 16:00:00,30,2241,18910
2017-02-06 17:00:00,10,2251,18880
2017-02-06 18:00:00,-30,2221,18890
2017-02-06 19:00:00,-30,2191,18860
2017-02-06 20:00:00,10,2201,18830
2017-02-06 21:00:00,-10,2191,18840
2017-02-07 00:00:00,0,2191,18830
2017-02-07 01:00:00,-30,2161,18830
2017-02-07 02:00:00,80,2241,18800
2017-02-07 03:00:00,-20,2221,18880
2017-02-07 04:00:00,50,2271,18860
2017-02-07 05:00:00,40,2311,18910
2017-02-07 06:00:00,60,2371,18950
2017-02-07 07:00:00,-10,2361,18890
2017-02-07 08:00:00,40,2401,18880
2017-02-07 09:00:00,0,2401,18920
2017-02-07 10:00:00,30,2431,18920
2017-02-07 11:00:00,20,2451,18950
2017-02-07 12:00:00,30,2481,18930
2017-02-07 13:00:00,30,2511,18960
2017-02-07 14:00:00,-10,2501,18930
2017-02-07 15:00:00,20,2521,18940
2017-02-07 16:00:00,-40,2481,18960
2017-02-07 17:00:00,-10,2471,18920
2017-02-07 18:00:00,-50,2421,18910
2017-02-07 19:00:00,30,2451,18860
2017-02-07 20:00:00,10,2461,18890
2017-02-07 21:00:00,10,2471,18900
2017-02-08 00:00:00,0,2471,18910
2017-02-08 01:00:00,-30,2441,18910
2017-02-08 02:00:00,50,2491,18940
2017-02-08 03:00:00,0,2491,18890
2017-02-08 04:00:00,10,2501,18890
2017-02-08 05:00:00,-50,2451,18900
2017-02-08 06:00:00,-40,2411,18950
2017-02-08 07:00:00,0,2411,18990
2017-02-08 08:00:00,-20,2391,18990
2017-02-08 09:00:00,-30,2361,19010
2017-02-08 10:00:00,-40,2321,18980
2017-02-08 11:00:00,20,2341,19020
2017-02-08 12:00:00,0,2341,19000
2017-02-08 13:00:00,40,2381,19000
2017-02-08 14:00:00,10,2391,18960
2017-02-08 15:00:00,-40,2351,18950
2017-02-08 16:00:00,10,2361,18910
2017-02-08 17:00:00,-20,2341,18920
2017-02-08 18:00:00,10,2351,18900
2017-02-08 19:00:00,60,2411,18910
2017-02-08 20:00:00,10,2421,18970
2017-02-08 21:00:00,0,2421,18960
2017-02-09 00:00:00,-40,2381,18960
2017-02-09 01:00:00,-20,2361,18920
2017-02-09 02:00:00,-50,2311,18900
2017-02-09 03:00:00,-20,2291,18950
2017-02-09 04:00:00,20,2311,18930
2017-02-09 05:00:00,10,2321,18910
2017-02-09 06:00:00,10,2331,18900
2017-02-09 07:00:00,-20,2311,18890
2017-02-09 08:00:00,-20,2291,18910
2017-02-09 09:00:00,0,2291,18930
2017-02-09 10:00:00,0,2291,18930
2017-02-09 11:00:00,0,2291,18930
2017-02-09 12:00:00,-20,2271,18930
2017-02-09 13:00:00,0,2271,18950
2017-02-09 14:00:00,0,2271,18950
2017-02-09 15:00:00,0,2271,18950
2017-02-09 16:00:00,-90,2181,18990
2017-02-09 17:00:00,-40,2141,19080
2017-02-09 18:00:00,-20,2121,19120
2017-02-09 19:00:00,-20,2101,19140
2017-02-09 20:00:00,-20,2081,19160
2017-02-09 21:00:00,30,2111,19180
2017-02-10 00:00:00,-20,2091,19210
2017-02-10 01:00:00,30,2121,19230
2017-02-10 02:00:00,70,2191,19260
2017-02-10 03:00:00,20,2211,19330
2017-02-10 04:00:00,10,2221,19350
2017-02-10 05:00:00,10,2231,19340
2017-02-10 06:00:00,-20,2211,19350
2017-02-10 07:00:00,-10,2201,19370
2017-02-10 08:00:00,-60,2141,19380
2017-02-10 09:00:00,60,2201,19440
2017-02-10 10:00:00,10,2211,19380
2017-02-10 11:00:00,40,2251,19390
2017-02-10 12:00:00,-10,2241,19350
2017-02-10 13:00:00,0,2241,19360
2017-02-10 14:00:00,0,2241,19360
2017-02-10 15:00:00,10,2251,19360
2017-02-10 16:00:00,10,2261,19350
2017-02-10 17:00:00,40,2301,19360
2017-02-10 18:00:00,-20,2281,19320
2017-02-10 19:00:00,20,2301,19340
2017-02-10 20:00:00,10,2311,19360
2017-02-10 21:00:00,0,2311,19350
2017-02-13 00:00:00,150,2461,19350
2017-02-13 01:00:00,70,2531,19500
2017-02-13 02:00:00,-40,2491,19430
2017-02-13 03:00:00,-20,2471,19470
2017-02-13 04:00:00,20,2491,19490
2017-02-13 05:00:00,-10,2481,19470
2017-02-13 06:00:00,20,2501,19460
2017-02-13 07:00:00,0,2501,19440
2017-02-13 08:00:00,20,2521,19440
2017-02-13 09:00:00,10,2531,19420
2017-02-13 10:00:00,0,2531,19430
2017-02-13 11:00:00,-20,2511,19450
2017-02-13 12:00:00,20,2531,19430
2017-02-13 13:00:00,0,2531,19450
2017-02-13 14:00:00,20,2551,19460
2017-02-13 15:00:00,30,2581,19480
2017-02-13 16:00:00,0,2581,19510
2017-02-13 17:00:00,20,2601,19510
2017-02-13 18:00:00,20,2621,19490
2017-02-13 19:00:00,0,2621,19510
2017-02-13 20:00:00,10,2631,19510
2017-02-13 21:00:00,0,2631,19500
2017-02-14 00:00:00,-20,2611,19500
2017-02-14 01:00:00,40,2651,19480
2017-02-14 02:00:00,30,2681,19440
2017-02-14 03:00:00,-30,2651,19410
2017-02-14 04:00:00,120,2771,19440
2017-02-14 05:00:00,0,2771,19320
2017-02-14 06:00:00,80,2851,19320
2017-02-14 07:00:00,-40,2811,19240
2017-02-14 08:00:00,-20,2791,19280
2017-02-14 09:00:00,-10,2781,19300
2017-02-14 10:00:00,0,2781,19310
2017-02-14 11:00:00,0,2781,19310
2017-02-14 12:00:00,0,2781,19310
2017-02-14 13:00:00,-10,2771,19310
2017-02-14 14:00:00,-10,2761,19300
2017-02-14 15:00:00,20,2781,19290
2017-02-14 16:00:00,80,2861,19310
2017-02-14 17:00:00,50,2911,19390
2017-02-14 18:00:00,20,2931,19440
2017-02-14 19:00:00,-10,2921,19460
2017-02-14 20:00:00,20,2941,19470
2017-02-14 21:00:00,20,2961,19450
2017-02-15 00:00:00,-10,2951,19470
2017-02-15 01:00:00,-10,2941,19460
2017-02-15 02:00:00,6,2947,19450
2017-02-15 03:00:00,-36,2911,19444
2017-02-15 04:00:00,-30,2881,19480
2017-02-15 05:00:00,10,2891,19450
2017-02-15 06:00:00,0,2891,19440
2017-02-15 07:00:00,0,2891,19440
2017-02-15 08:00:00,0,2891,19440
2017-02-15 09:00:00,-10,2881,19450
2017-02-15 10:00:00,-10,2871,19460
2017-02-15 11:00:00,0,2871,19450
2017-02-15 12:00:00,0,2871,19450
2017-02-15 13:00:00,10,2881,19450
2017-02-15 14:00:00,-10,2871,19440
2017-02-15 15:00:00,10,2881,19450
2017-02-15 16:00:00,0,2881,19440
2017-02-15 17:00:00,-50,2831,19440
2017-02-15 18:00:00,10,2841,19390
2017-02-15 19:00:00,20,2861,19400
2017-02-15 20:00:00,10,2871,19420
2017-02-15 21:00:00,0,2871,19430
2017-02-16 00:00:00,30,2901,19430
2017-02-16 01:00:00,-10,2891,19400
2017-02-16 02:00:00,-110,2781,19390
2017-02-16 03:00:00,50,2831,19280
2017-02-16 04:00:00,0,2831,19330
2017-02-16 05:00:00,0,2831,19330
2017-02-16 06:00:00,0,2831,19330
2017-02-16 07:00:00,0,2831,19330
2017-02-16 08:00:00,-20,2811,19330
2017-02-16 09:00:00,-50,2761,19310
2017-02-16 10:00:00,10,2771,19260
2017-02-16 11:00:00,0,2771,19270
2017-02-16 12:00:00,-10,2761,19250
2017-02-16 13:00:00,10,2771,19240
2017-02-16 14:00:00,30,2801,19250
2017-02-16 15:00:00,-30,2771,19280
2017-02-16 16:00:00,40,2811,19250
2017-02-16 17:00:00,10,2821,19210
2017-02-16 18:00:00,10,2831,19200
2017-02-16 19:00:00,0,2831,19210
2017-02-16 20:00:00,10,2841,19210
2017-02-16 21:00:00,-10,2831,19200
2017-02-17 00:00:00,-10,2821,19210
2017-02-17 01:00:00,20,2841,19220
2017-02-17 02:00:00,-20,2821,19200
2017-02-17 03:00:00,-10,2811,19220
2017-02-17 04:00:00,-40,2771,19230
2017-02-17 05:00:00,30,2801,19190
2017-02-17 06:00:00,0,2801,19220
2017-02-17 07:00:00,20,2821,19220
2017-02-17 08:00:00,20,2841,19200
2017-02-17 09:00:00,70,2911,19180
2017-02-17 10:00:00,50,2961,19110
2017-02-17 11:00:00,10,2971,19060
2017-02-17 12:00:00,10,2981,19050
2017-02-17 13:00:00,0,2981,19060
2017-02-17 14:00:00,20,3001,19060
2017-02-17 15:00:00,20,3021,19040
2017-02-17 16:00:00,10,3031,19060
2017-02-17 17:00:00,-20,3011,19070
2017-02-17 18:00:00,0,3011,19090
2017-02-17 19:00:00,-20,2991,19090
2017-02-17 20:00:00,-20,2971,19110
2017-02-17 21:00:00,-10,2961,19130
2017-02-20 00:00:00,-30,2931,19140
2017-02-20 01:00:00,20,2951,19170
2017-02-20 02:00:00,-10,2941,19150
2017-02-20 03:00:00,-90,2851,19160
2017-02-20 04:00:00,-10,2841,19250
2017-02-20 05:00:00,40,2881,19260
2017-02-20 06:00:00,-30,2851,19220
2017-02-20 07:00:00,0,2851,19250
2017-02-20 08:00:00,0,2851,19250
2017-02-20 09:00:00,20,2871,19250
2017-02-20 10:00:00,0,2871,19230
2017-02-20 11:00:00,-10,2861,19230
2017-02-20 12:00:00,0,2861,19240
2017-02-20 13:00:00,0,2861,19240
2017-02-20 14:00:00,0,2861,19240
2017-02-20 15:00:00,0,2861,19240
2017-02-20 16:00:00,0,2861,19240
2017-02-20 17:00:00,-10,2851,19250
2017-02-20 18:00:00,-10,2841,19260
2017-02-20 19:00:00,10,2851,19270
2017-02-20 20:00:00,10,2861,19260
2017-02-20 21:00:00,-20,2841,19250
2017-02-21 00:00:00,10,2851,19270
2017-02-21 01:00:00,-30,2821,19260
2017-02-21 02:00:00,-40,2781,19290
2017-02-21 03:00:00,20,2801,19330
2017-02-21 04:00:00,30,2831,19350
2017-02-21 05:00:00,10,2841,19380
2017-02-21 06:00:00,0,2841,19370
2017-02-21 07:00:00,-10,2831,19370
2017-02-21 08:00:00,0,2831,19380
2017-02-21 09:00:00,-10,2821,19360
2017-02-21 10:00:00,-50,2771,19370
2017-02-21 11:00:00,0,2771,19420
2017-02-21 12:00:00,10,2781,19420
2017-02-21 13:00:00,0,2781,19410
2017-02-21 14:00:00,20,2801,19410
2017-02-21 15:00:00,10,2811,19430
2017-02-21 16:00:00,40,2851,19420
2017-02-21 17:00:00,40,2891,19460
2017-02-21 18:00:00,10,2901,19420
2017-02-21 19:00:00,0,2901,19430
2017-02-21 20:00:00,20,2921,19430
2017-02-21 21:00:00,10,2931,19450
2017-02-22 00:00:00,-20,2911,19440
2017-02-22 01:00:00,-30,2881,19420
2017-02-22 02:00:00,80,2961,19390
2017-02-22 03:00:00,10,2971,19310
2017-02-22 04:00:00,40,3011,19320
2017-02-22 05:00:00,0,3011,19360
2017-02-22 06:00:00,10,3021,19360
2017-02-22 07:00:00,-20,3001,19370
2017-02-22 08:00:00,20,3021,19390
2017-02-22 09:00:00,20,3041,19370
2017-02-22 10:00:00,10,3051,19350
2017-02-22 11:00:00,-50,3001,19340
2017-02-22 12:00:00,-20,2981,19290
2017-02-22 13:00:00,-20,2961,19270
2017-02-22 14:00:00,0,2961,19290
2017-02-22 15:00:00,-30,2931,19290
2017-02-22 16:00:00,-40,2891,19320
2017-02-22 17:00:00,-10,2881,19360
2017-02-22 18:00:00,-20,2861,19370
2017-02-22 19:00:00,0,2861,19390
2017-02-22 20:00:00,50,2911,19390
2017-02-22 21:00:00,0,2911,19340
2017-02-23 00:00:00,-20,2891,19340
2017-02-23 01:00:00,-90,2801,19360
2017-02-23 02:00:00,0,2801,19270
2017-02-23 03:00:00,50,2851,19270
2017-02-23 04:00:00,10,2861,19320
2017-02-23 05:00:00,-10,2851,19330
2017-02-23 06:00:00,40,2891,19320
2017-02-23 07:00:00,0,2891,19360
2017-02-23 08:00:00,20,2911,19360
2017-02-23 09:00:00,-10,2901,19340
2017-02-23 10:00:00,20,2921,19330
2017-02-23 11:00:00,0,2921,19350
2017-02-23 12:00:00,0,2921,19350
2017-02-23 13:00:00,0,2921,19340
2017-02-23 14:00:00,20,2941,19320
2017-02-23 15:00:00,10,2951,19300
2017-02-23 16:00:00,-50,2901,19310
2017-02-23 17:00:00,20,2921,19260
2017-02-23 18:00:00,30,2951,19280
2017-02-23 19:00:00,0,2951,19310
2017-02-23 20:00:00,0,2951,19310
2017-02-23 21:00:00,0,2951,19310
2017-02-24 00:00:00,-50,2901,19280
2017-02-24 01:00:00,100,3001,19230
2017-02-24 02:00:00,20,3021,19330
2017-02-24 03:00:00,0,3021,19350
2017-02-24 04:00:00,50,3071,19340
2017-02-24 05:00:00,-20,3051,19290
2017-02-24 06:00:00,-10,3041,19270
2017-02-24 07:00:00,10,3051,19280
2017-02-24 08:00:00,20,3071,19270
2017-02-24 09:00:00,0,3071,19250
2017-02-24 10:00:00,-20,3051,19250
2017-02-24 11:00:00,-30,3021,19230
2017-02-24 12:00:00,60,3081,19200
2017-02-24 13:00:00,-20,3061,19140
2017-02-24 14:00:00,30,3091,19120
2017-02-24 15:00:00,0,3091,19090
2017-02-24 16:00:00,-20,3071,19180
2017-02-24 17:00:00,30,3101,19160
2017-02-24 18:00:00,0,3101,19130
2017-02-24 19:00:00,-20,3081,19130
2017-02-24 20:00:00,-10,3071,19110
2017-02-24 21:00:00,-10,3061,19100
2017-02-27 00:00:00,60,3121,19090
2017-02-27 01:00:00,-40,3081,19150
2017-02-27 02:00:00,70,3151,19110
2017-02-27 03:00:00,60,3211,19040
2017-02-27 04:00:00,40,3251,19100
2017-02-27 05:00:00,20,3271,19140
2017-02-27 06:00:00,0,3271,19120
2017-02-27 07:00:00,0,3271,19120
2017-02-27 08:00:00,10,3281,19140
2017-02-27 09:00:00,-10,3271,19150
2017-02-27 10:00:00,-30,3241,19140
2017-02-27 11:00:00,-10,3231,19110
2017-02-27 12:00:00,0,3231,19100
2017-02-27 13:00:00,-10,3221,19110
2017-02-27 14:00:00,0,3221,19100
2017-02-27 15:00:00,0,3221,19100
2017-02-27 16:00:00,-10,3211,19120
2017-02-27 17:00:00,-20,3191,19110
2017-02-27 18:00:00,30,3221,19090
2017-02-27 19:00:00,-70,3151,19120
2017-02-27 20:00:00,20,3171,19190
2017-02-27 21:00:00,0,3171,19210
2017-02-28 00:00:00,0,3171,19210
2017-02-28 01:00:00,10,3181,19210
2017-02-28 02:00:00,10,3191,19220
2017-02-28 03:00:00,10,3201,19230
2017-02-28 04:00:00,10,3211,19240
2017-02-28 05:00:00,30,3241,19250
2017-02-28 06:00:00,-90,3151,19220
2017-02-28 07:00:00,0,3151,19130
2017-02-28 08:00:00,30,3181,19130
2017-02-28 09:00:00,-30,3151,19100
2017-02-28 10:00:00,-10,3141,19130
2017-02-28 11:00:00,10,3151,19140
2017-02-28 12:00:00,10,3161,19130
2017-02-28 13:00:00,30,3191,19120
2017-02-28 14:00:00,-20,3171,19090
2017-02-28 15:00:00,10,3181,19110
2017-02-28 16:00:00,10,3191,19100
2017-02-28 17:00:00,-10,3181,19090
2017-02-28 18:00:00,30,3211,19100
2017-02-28 19:00:00,-40,3171,19070
2017-02-28 20:00:00,0,3171,19110
2017-02-28 21:00:00,0,3171,19110
2017-03-01 00:00:00,-90,3081,19130
2017-03-01 01:00:00,-100,2981,19220
2017-03-01 02:00:00,110,3091,19320
2017-03-01 03:00:00,10,3101,19210
2017-03-01 04:00:00,-110,2991,19220
2017-03-01 05:00:00,-60,2931,19330
2017-03-01 06:00:00,-20,2911,19390
2017-03-01 07:00:00,0,2911,19410
2017-03-01 08:00:00,0,2911,19390
2017-03-01 09:00:00,70,2981,19400
2017-03-01 10:00:00,10,2991,19470
2017-03-01 11:00:00,40,3031,19480
2017-03-01 12:00:00,0,3031,19520
2017-03-01 13:00:00,50,3081,19520
2017-03-01 14:00:00,-10,3071,19570
2017-03-01 15:00:00,0,3071,19580
2017-03-01 16:00:00,10,3081,19580
2017-03-01 17:00:00,0,3081,19590
2017-03-01 18:00:00,0,3081,19590
2017-03-01 19:00:00,-14,3067,19600
2017-03-01 20:00:00,24,3091,19586
2017-03-01 21:00:00,-20,3071,19610
2017-03-02 00:00:00,60,3131,19590
2017-03-02 01:00:00,30,3161,19650
2017-03-02 02:00:00,0,3161,19620
2017-03-02 03:00:00,0,3161,19620
2017-03-02 04:00:00,0,3161,19620
2017-03-02 05:00:00,10,3171,19580
2017-03-02 06:00:00,-20,3151,19590
2017-03-02 07:00:00,0,3151,19570
2017-03-02 08:00:00,20,3171,19620
2017-03-02 09:00:00,-29,3142,19640
2017-03-02 10:00:00,9,3151,19611
2017-03-02 11:00:00,0,3151,19620
2017-03-02 12:00:00,0,3151,19620
2017-03-02 13:00:00,10,3161,19620
2017-03-02 14:00:00,-20,3141,19630
2017-03-02 15:00:00,0,3141,19650
2017-03-02 16:00:00,-40,3101,19650
2017-03-02 17:00:00,-30,3071,19610
2017-03-02 18:00:00,10,3081,19580
2017-03-02 19:00:00,0,3081,19590
2017-03-02 20:00:00,-10,3071,19590
2017-03-02 21:00:00,30,3101,19600
2017-03-03 00:00:00,30,3131,19570
2017-03-03 01:00:00,0,3131,19540
2017-03-03 02:00:00,0,3131,19540
2017-03-03 03:00:00,-19,3112,19529
2017-03-03 04:00:00,-50,3062,19510
2017-03-03 05:00:00,30,3092,19460
2017-03-03 06:00:00,-40,3052,19430
2017-03-03 07:00:00,0,3052,19470
2017-03-03 08:00:00,-10,3042,19470
2017-03-03 09:00:00,-10,3032,19480
2017-03-03 10:00:00,-30,3002,19490
2017-03-03 11:00:00,80,3082,19460
2017-03-03 12:00:00,10,3092,19540
2017-03-03 13:00:00,10,3102,19550
2017-03-03 14:00:00,0,3102,19540
2017-03-03 15:00:00,20,3122,19540
2017-03-03 16:00:00,0,3122,19560
2017-03-03 17:00:00,-10,3112,19550
2017-03-03 18:00:00,-10,3102,19560
2017-03-03 19:00:00,-20,3082,19570
2017-03-03 20:00:00,-40,3042,19550
2017-03-03 21:00:00,20,3062,19510
2017-03-06 00:00:00,80,3142,19490
2017-03-06 01:00:00,-40,3102,19410
2017-03-06 02:00:00,10,3112,19370
2017-03-06 03:00:00,-20,3092,19380
2017-03-06 04:00:00,24,3116,19360
2017-03-06 05:00:00,-10,3106,19384
2017-03-06 06:00:00,6,3112,19374
2017-03-06 07:00:00,-20,3092,19380
2017-03-06 08:00:00,-30,3062,19360
2017-03-06 09:00:00,-30,3032,19330
2017-03-06 10:00:00,50,3082,19300
2017-03-06 11:00:00,2,3084,19350
2017-03-06 12:00:00,28,3112,19352
2017-03-06 13:00:00,-20,3092,19380
2017-03-06 14:00:00,-10,3082,19360
2017-03-06 15:00:00,10,3092,19350
2017-03-06 16:00:00,-20,3072,19360
2017-03-06 17:00:00,30,3102,19340
2017-03-06 18:00:00,20,3122,19370
2017-03-06 19:00:00,-10,3112,19390
2017-03-06 20:00:00,-10,3102,19380
2017-03-06 21:00:00,10,3112,19370
2017-03-07 00:00:00,50,3162,19380
2017-03-07 01:00:00,33,3195,19330
2017-03-07 02:00:00,-10,3185,19363
2017-03-07 03:00:00,3,3188,19353
2017-03-07 04:00:00,-2,3186,19350
2017-03-07 05:00:00,-2,3184,19352
2017-03-07 06:00:00,19,3203,19350
2017-03-07 07:00:00,-19,3184,19331
2017-03-07 08:00:00,-20,3164,19350
2017-03-07 09:00:00,10,3174,19330
2017-03-07 10:00:00,11,3185,19340
2017-03-07 11:00:00,11,3196,19351
2017-03-07 12:00:00,-10,3186,19340
2017-03-07 13:00:00,0,3186,19350
2017-03-07 14:00:00,-30,3156,19350
2017-03-07 15:00:00,30,3186,19380
2017-03-07 16:00:00,-30,3156,19350
2017-03-07 17:00:00,0,3156,19380
2017-03-07 18:00:00,0,3156,19380
2017-03-07 19:00:00,-10,3146,19380
2017-03-07 20:00:00,-10,3136,19370
2017-03-07 21:00:00,-10,3126,19360
2017-03-08 00:00:00,50,3176,19370
2017-03-08 01:00:00,47,3223,19320
2017-03-08 02:00:00,-28,3195,19273
2017-03-08 03:00:00,-1,3194,19245
2017-03-08 04:00:00,0,3194,19244
2017-03-08 05:00:00,-4,3190,19244
2017-03-08 06:00:00,4,3194,19240
2017-03-08 07:00:00,6,3200,19244
2017-03-08 08:00:00,20,3220,19250
2017-03-08 09:00:00,-32,3188,19270
2017-03-08 10:00:00,-20,3168,19302
2017-03-08 11:00:00,2,3170,19322
2017-03-08 12:00:00,20,3190,19320
2017-03-08 13:00:00,-30,3160,19300
2017-03-08 14:00:00,-50,3110,19330
2017-03-08 15:00:00,0,3110,19380
2017-03-08 16:00:00,10,3120,19380
2017-03-08 17:00:00,-30,3090,19390
2017-03-08 18:00:00,0,3090,19360
2017-03-08 19:00:00,0,3090,19360
2017-03-08 20:00:00,-20,3070,19360
2017-03-08 21:00:00,0,3070,19340
2017-03-09 00:00:00,20,3090,19340
2017-03-09 01:00:00,-36,3054,19360
2017-03-09 02:00:00,-34,3020,19324
2017-03-09 03:00:00,10,3030,19290
2017-03-09 04:00:00,0,3030,19280
2017-03-09 05:00:00,-36,2994,19280
2017-03-09 06:00:00,-9,2985,19316
2017-03-09 07:00:00,-15,2970,19325
2017-03-09 08:00:00,130,3100,19310
2017-03-09 09:00:00,-60,3040,19180
2017-03-09 10:00:00,10,3050,19240
2017-03-09 11:00:00,20,3070,19230
2017-03-09 12:00:00,0,3070,19210
2017-03-09 13:00:00,20,3090,19210
2017-03-09 14:00:00,30,3120,19190
2017-03-09 15:00:00,-20,3100,19220
2017-03-09 16:00:00,20,3120,19240
2017-03-09 17:00:00,20,3140,19260
2017-03-09 18:00:00,-10,3130,19240
2017-03-09 19:00:00,-10,3120,19250
2017-03-09 20:00:00,0,3120,19240
2017-03-09 21:00:00,30,3150,19240
2017-03-10 00:00:00,90,3240,19270
2017-03-10 01:00:00,20,3260,19360
2017-03-10 02:00:00,40,3300,19380
2017-03-10 03:00:00,-40,3260,19420
2017-03-10 04:00:00,10,3270,19460
2017-03-10 05:00:00,-20,3250,19450
2017-03-10 06:00:00,-20,3230,19470
2017-03-10 07:00:00,-20,3210,19490
2017-03-10 08:00:00,-20,3190,19470
2017-03-10 09:00:00,10,3200,19490
2017-03-10 10:00:00,-20,3180,19500
2017-03-10 11:00:00,10,3190,19480
2017-03-10 12:00:00,-10,3180,19490
2017-03-10 13:00:00,20,3200,19480
2017-03-10 14:00:00,10,3210,19500
2017-03-10 15:00:00,-30,3180,19510
2017-03-10 16:00:00,-40,3140,19480
2017-03-10 17:00:00,20,3160,19440
2017-03-10 18:00:00,-30,3130,19460
2017-03-10 19:00:00,-10,3120,19430
2017-03-10 20:00:00,10,3130,19420
2017-03-10 21:00:00,0,3130,19430
2017-03-13 00:00:00,-20,3110,19430
2017-03-13 01:00:00,80,3190,19410
2017-03-13 02:00:00,0,3190,19490
2017-03-13 03:00:00,-20,3170,19500
2017-03-13 04:00:00,0,3170,19520
2017-03-13 05:00:00,0,3170,19520
2017-03-13 06:00:00,20,3190,19490
2017-03-13 07:00:00,-10,3180,19510
2017-03-13 08:00:00,0,3180,19520
2017-03-13 09:00:00,20,3200,19520
2017-03-13 10:00:00,0,3200,19500
2017-03-13 11:00:00,-10,3190,19480
2017-03-13 12:00:00,10,3200,19470
2017-03-13 13:00:00,30,3230,19480
2017-03-13 14:00:00,0,3230,19510
2017-03-13 15:00:00,0,3230,19510
2017-03-13 16:00:00,10,3240,19510
2017-03-13 17:00:00,10,3250,19500
2017-03-13 18:00:00,10,3260,19510
2017-03-13 19:00:00,10,3270,19500
2017-03-13 20:00:00,-30,3240,19510
2017-03-13 21:00:00,10,3250,19540
2017-03-14 00:00:00,10,3260,19530
2017-03-14 01:00:00,-30,3230,19520
2017-03-14 02:00:00,-10,3220,19490
2017-03-14 03:00:00,10,3230,19480
2017-03-14 04:00:00,10,3240,19490
2017-03-14 05:00:00,-20,3220,19480
2017-03-14 06:00:00,-10,3210,19500
2017-03-14 07:00:00,10,3220,19490
2017-03-14 08:00:00,-40,3180,19480
2017-03-14 09:00:00,40,3220,19520
2017-03-14 10:00:00,0,3220,19480
2017-03-14 11:00:00,0,3220,19490
2017-03-14 12:00:00,10,3230,19500
2017-03-14 13:00:00,30,3260,19490
2017-03-14 14:00:00,-30,3230,19460
2017-03-14 15:00:00,-10,3220,19430
2017-03-14 16:00:00,0,3220,19420
2017-03-14 17:00:00,0,3220,19420
2017-03-14 18:00:00,0,3220,19400
2017-03-14 19:00:00,10,3230,19410
2017-03-14 20:00:00,0,3230,19420
2017-03-14 21:00:00,-20,3210,19420
2017-03-15 00:00:00,0,3210,19400
2017-03-15 01:00:00,-10,3200,19400
2017-03-15 02:00:00,-10,3190,19410
2017-03-15 03:00:00,-20,3170,19420
2017-03-15 04:00:00,10,3180,19440
2017-03-15 05:00:00,-10,3170,19430
2017-03-15 06:00:00,-30,3140,19420
2017-03-15 07:00:00,0,3140,19450
2017-03-15 08:00:00,0,3140,19450
2017-03-15 09:00:00,0,3140,19440
2017-03-15 10:00:00,10,3150,19440
2017-03-15 11:00:00,-10,3140,19430
2017-03-15 12:00:00,10,3150,19440
2017-03-15 13:00:00,10,3160,19430
2017-03-15 14:00:00,0,3160,19440
2017-03-15 15:00:00,0,3160,19450
2017-03-15 16:00:00,0,3160,19450
2017-03-15 17:00:00,-10,3150,19450
2017-03-15 18:00:00,30,3180,19460
2017-03-15 19:00:00,40,3220,19430
2017-03-15 20:00:00,40,3260,19390
2017-03-15 21:00:00,-20,3240,19350
2017-03-16 00:00:00,50,3290,19370
2017-03-16 01:00:00,-40,3250,19320
2017-03-16 02:00:00,-60,3190,19360
2017-03-16 03:00:00,0,3190,19420
2017-03-16 04:00:00,-60,3130,19420
2017-03-16 05:00:00,0,3130,19480
2017-03-16 06:00:00,20,3150,19480
2017-03-16 07:00:00,-20,3130,19460
2017-03-16 08:00:00,30,3160,19440
2017-03-16 09:00:00,-10,3150,19470
2017-03-16 10:00:00,0,3150,19480
2017-03-16 11:00:00,-10,3140,19480
2017-03-16 12:00:00,30,3170,19490
2017-03-16 13:00:00,-10,3160,19460
2017-03-16 14:00:00,10,3170,19470
2017-03-16 15:00:00,60,3230,19460
2017-03-16 16:00:00,40,3270,19400
2017-03-16 17:00:00,-10,3260,19360
2017-03-16 18:00:00,0,3260,19370
2017-03-16 19:00:00,20,3280,19370
2017-03-16 20:00:00,10,3290,19350
2017-03-16 21:00:00,10,3300,19340
2017-03-17 00:00:00,30,3330,19330
2017-03-17 01:00:00,-30,3300,19360
2017-03-17 02:00:00,0,3300,19390
2017-03-17 03:00:00,0,3300,19390
2017-03-17 04:00:00,0,3300,19390
2017-03-17 05:00:00,10,3310,19390
2017-03-17 06:00:00,-20,3290,19380
2017-03-17 07:00:00,50,3340,19400
2017-03-17 08:00:00,-10,3330,19350
2017-03-17 09:00:00,0,3330,19360
2017-03-17 10:00:00,-10,3320,19360
2017-03-17 11:00:00,-10,3310,19370
2017-03-17 12:00:00,30,3340,19380
2017-03-17 13:00:00,-10,3330,19350
2017-03-17 14:00:00,30,3360,19360
2017-03-17 15:00:00,20,3380,19330
2017-03-17 16:00:00,30,3410,19310
2017-03-17 17:00:00,-20,3390,19280
2017-03-17 18:00:00,-10,3380,19300
2017-03-17 19:00:00,0,3380,19310
2017-03-17 20:00:00,20,3400,19310
2017-03-17 21:00:00,-30,3370,19290
2017-03-21 00:00:00,50,3420,19320
2017-03-21 01:00:00,30,3450,19270
2017-03-21 02:00:00,-90,3360,19240
2017-03-21 03:00:00,-10,3350,19330
2017-03-21 04:00:00,10,3360,19340
2017-03-21 05:00:00,-10,3350,19330
2017-03-21 06:00:00,0,3350,19320
2017-03-21 07:00:00,-10,3340,19320
2017-03-21 08:00:00,0,3340,19310
2017-03-21 09:00:00,20,3360,19340
2017-03-21 10:00:00,0,3360,19320
2017-03-21 11:00:00,20,3380,19310
2017-03-21 12:00:00,10,3390,19290
2017-03-21 13:00:00,10,3400,19300
2017-03-21 14:00:00,10,3410,19310
2017-03-21 15:00:00,-120,3290,19300
2017-03-21 16:00:00,-110,3180,19180
2017-03-21 17:00:00,-30,3150,19070
2017-03-21 18:00:00,-50,3100,19040
2017-03-21 19:00:00,-30,3070,18990
2017-03-21 20:00:00,50,3120,19020
2017-03-21 21:00:00,-30,3090,18970
2017-03-22 00:00:00,50,3140,19000
2017-03-22 01:00:00,-70,3070,18950
2017-03-22 02:00:00,60,3130,19020
2017-03-22 03:00:00,30,3160,18960
2017-03-22 04:00:00,0,3160,18930
2017-03-22 05:00:00,20,3180,18930
2017-03-22 06:00:00,-40,3140,18950
2017-03-22 07:00:00,0,3140,18910
2017-03-22 08:00:00,10,3150,18910
2017-03-22 09:00:00,60,3210,18920
2017-03-22 10:00:00,0,3210,18860
2017-03-22 11:00:00,-10,3200,18860
2017-03-22 12:00:00,20,3220,18870
2017-03-22 13:00:00,-10,3210,18850
2017-03-22 14:00:00,30,3240,18860
2017-03-22 15:00:00,-10,3230,18830
2017-03-22 16:00:00,-20,3210,18840
2017-03-22 17:00:00,10,3220,18860
2017-03-22 18:00:00,-10,3210,18850
2017-03-22 19:00:00,30,3240,18840
2017-03-22 20:00:00,-40,3200,18870
2017-03-22 21:00:00,-10,3190,18910
2017-03-23 00:00:00,-10,3180,18920
2017-03-23 01:00:00,20,3200,18930
2017-03-23 02:00:00,0,3200,18910
2017-03-23 03:00:00,-20,3180,18910
2017-03-23 04:00:00,0,3180,18930
2017-03-23 05:00:00,10,3190,18930
2017-03-23 06:00:00,-30,3160,18920
2017-03-23 07:00:00,20,3180,18950
2017-03-23 08:00:00,30,3210,18930
2017-03-23 09:00:00,30,3240,18900
2017-03-23 10:00:00,10,3250,18870
2017-03-23 11:00:00,-20,3230,18880
2017-03-23 12:00:00,0,3230,18900
2017-03-23 13:00:00,-30,3200,18900
2017-03-23 14:00:00,0,3200,18870
2017-03-23 15:00:00,0,3200,18860
2017-03-23 16:00:00,-50,3150,18900
2017-03-23 17:00:00,40,3190,18950
2017-03-23 18:00:00,50,3240,18990
2017-03-23 19:00:00,10,3250,18940
2017-03-23 20:00:00,30,3280,18950
2017-03-23 21:00:00,0,3280,18920
2017-03-24 00:00:00,-20,3260,18920
2017-03-24 01:00:00,140,3400,18940
2017-03-24 02:00:00,10,3410,19080
2017-03-24 03:00:00,-40,3370,19090
2017-03-24 04:00:00,30,3400,19130
2017-03-24 05:00:00,0,3400,19100
2017-03-24 06:00:00,0,3400,19100
2017-03-24 07:00:00,0,3400,19130
2017-03-24 08:00:00,30,3430,19140
2017-03-24 09:00:00,0,3430,19110
2017-03-24 10:00:00,10,3440,19080
2017-03-24 11:00:00,-30,3410,19070
2017-03-24 12:00:00,20,3430,19040
2017-03-24 13:00:00,20,3450,19060
2017-03-24 14:00:00,-30,3420,19080
2017-03-24 15:00:00,-10,3410,19110
2017-03-24 16:00:00,10,3420,19120
2017-03-24 17:00:00,30,3450,19110
2017-03-24 18:00:00,20,3470,19080
2017-03-24 19:00:00,-30,3440,19060
2017-03-24 20:00:00,60,3500,19030
2017-03-24 21:00:00,20,3520,19090
2017-03-27 00:00:00,190,3710,19110
2017-03-27 01:00:00,70,3780,18920
2017-03-27 02:00:00,0,3780,18850
2017-03-27 03:00:00,20,3800,18820
2017-03-27 04:00:00,-10,3790,18840
2017-03-27 05:00:00,0,3790,18850
2017-03-27 06:00:00,-20,3770,18850
2017-03-27 07:00:00,0,3770,18830
2017-03-27 08:00:00,40,3810,18810
2017-03-27 09:00:00,50,3860,18770
2017-03-27 10:00:00,0,3860,18820
2017-03-27 11:00:00,-10,3850,18820
2017-03-27 12:00:00,40,3890,18830
2017-03-27 13:00:00,0,3890,18790
2017-03-27 14:00:00,0,3890,18790
2017-03-27 15:00:00,30,3920,18840
2017-03-27 16:00:00,10,3930,18870
2017-03-27 17:00:00,-60,3870,18880
2017-03-27 18:00:00,-10,3860,18940
2017-03-27 19:00:00,-10,3850,18950
2017-03-27 20:00:00,-20,3830,18960
2017-03-27 21:00:00,20,3850,18980
2017-03-28 00:00:00,-10,3840,19000
2017-03-28 01:00:00,0,3840,19010
2017-03-28 02:00:00,-30,3810,19040
2017-03-28 03:00:00,0,3810,19010
2017-03-28 04:00:00,0,3810,19050
2017-03-28 05:00:00,0,3810,19050
2017-03-28 06:00:00,20,3830,19040
2017-03-28 07:00:00,20,3850,19060
2017-03-28 08:00:00,0,3850,19040
2017-03-28 09:00:00,20,3870,19040
2017-03-28 10:00:00,-10,3860,19060
2017-03-28 11:00:00,0,3860,19050
2017-03-28 12:00:00,40,3900,19050
2017-03-28 13:00:00,60,3960,19010
2017-03-28 14:00:00,10,3970,18950
2017-03-28 15:00:00,-50,3920,18940
2017-03-28 16:00:00,-70,3850,18990
2017-03-28 17:00:00,0,3850,19060
2017-03-28 18:00:00,-90,3760,19060
2017-03-28 19:00:00,-20,3740,19150
2017-03-28 20:00:00,-20,3720,19170
2017-03-28 21:00:00,0,3720,19190
2017-03-29 00:00:00,-10,3710,19190
2017-03-29 01:00:00,10,3720,19200
2017-03-29 02:00:00,10,3730,19190
2017-03-29 03:00:00,30,3760,19200
2017-03-29 04:00:00,10,3770,19170
2017-03-29 05:00:00,-30,3740,19180
2017-03-29 06:00:00,10,3750,19210
2017-03-29 07:00:00,20,3770,19200
2017-03-29 08:00:00,20,3790,19220
2017-03-29 09:00:00,-30,3760,19200
2017-03-29 10:00:00,-10,3750,19170
2017-03-29 11:00:00,-10,3740,19160
2017-03-29 12:00:00,-40,3700,19150
2017-03-29 13:00:00,20,3720,19110
2017-03-29 14:00:00,-10,3710,19130
2017-03-29 15:00:00,-50,3660,19120
2017-03-29 16:00:00,-20,3640,19170
2017-03-29 17:00:00,0,3640,19150
2017-03-29 18:00:00,20,3660,19150
2017-03-29 19:00:00,0,3660,19170
2017-03-29 20:00:00,-10,3650,19170
2017-03-29 21:00:00,-20,3630,19160
2017-03-30 00:00:00,10,3640,19140
2017-03-30 01:00:00,40,3680,19150
2017-03-30 02:00:00,30,3710,19190
2017-03-30 03:00:00,10,3720,19160
2017-03-30 04:00:00,-10,3710,19150
2017-03-30 05:00:00,-40,3670,19140
2017-03-30 06:00:00,50,3720,19100
2017-03-30 07:00:00,0,3720,19050
2017-03-30 08:00:00,10,3730,19070
2017-03-30 09:00:00,-40,3690,19060
2017-03-30 10:00:00,0,3690,19020
2017-03-30 11:00:00,0,3690,19060
2017-03-30 12:00:00,0,3690,19060
2017-03-30 13:00:00,30,3720,19060
2017-03-30 14:00:00,0,3720,19090
2017-03-30 15:00:00,-30,3690,19090
2017-03-30 16:00:00,0,3690,19120
2017-03-30 17:00:00,0,3690,19120
2017-03-30 18:00:00,-10,3680,19120
2017-03-30 19:00:00,30,3710,19130
2017-03-30 20:00:00,-20,3690,19160
2017-03-30 21:00:00,-20,3670,19180
2017-03-31 00:00:00,30,3700,19200
2017-03-31 01:00:00,0,3700,19170
2017-03-31 02:00:00,20,3720,19170
2017-03-31 03:00:00,-30,3690,19150
2017-03-31 04:00:00,20,3710,19180
2017-03-31 05:00:00,90,3800,19160
2017-03-31 06:00:00,-150,3650,19070
2017-03-31 07:00:00,-10,3640,18920
2017-03-31 08:00:00,40,3680,18910
2017-03-31 09:00:00,10,3690,18950
2017-03-31 10:00:00,20,3710,18960
2017-03-31 11:00:00,-20,3690,18980
2017-03-31 12:00:00,10,3700,18960
2017-03-31 13:00:00,30,3730,18970
2017-03-31 14:00:00,-30,3700,19000
2017-03-31 15:00:00,-40,3660,18970
2017-03-31 16:00:00,10,3670,18930
2017-03-31 17:00:00,10,3680,18940
2017-03-31 18:00:00,10,3690,18950
2017-03-31 19:00:00,30,3720,18960
2017-03-31 20:00:00,-30,3690,18930
2017-03-31 21:00:00,0,3690,18960
2017-04-03 00:00:00,0,3690,18960
2017-04-03 01:00:00,0,3690,18980
2017-04-03 02:00:00,20,3710,18960
2017-04-03 03:00:00,-10,3700,18980
2017-04-03 04:00:00,-50,3650,18990
2017-04-03 05:00:00,20,3670,18940
2017-04-03 06:00:00,30,3700,18960
2017-04-03 07:00:00,-60,3640,18990
2017-04-03 08:00:00,-20,3620,19050
2017-04-03 09:00:00,-10,3610,19030
2017-04-03 10:00:00,0,3610,19020
2017-04-03 11:00:00,0,3610,19020
2017-04-03 12:00:00,10,3620,19030
2017-04-03 13:00:00,-10,3610,19020
2017-04-03 14:00:00,0,3610,19010
2017-04-03 15:00:00,-70,3540,19010
2017-04-03 16:00:00,-10,3530,18940
2017-04-03 17:00:00,30,3560,18930
2017-04-03 18:00:00,0,3560,18960
2017-04-03 19:00:00,20,3580,18960
2017-04-03 20:00:00,-10,3570,18980
2017-04-03 21:00:00,0,3570,18990
2017-04-04 00:00:00,-80,3490,18990
2017-04-04 01:00:00,-10,3480,18910
2017-04-04 02:00:00,10,3490,18920
2017-04-04 03:00:00,40,3530,18930
2017-04-04 04:00:00,-30,3500,18890
2017-04-04 05:00:00,-90,3410,18860
2017-04-04 06:00:00,40,3450,18770
2017-04-04 07:00:00,10,3460,18810
2017-04-04 08:00:00,-40,3420,18820
2017-04-04 09:00:00,-10,3410,18780
2017-04-04 10:00:00,-10,3400,18790
2017-04-04 11:00:00,10,3410,18780
2017-04-04 12:00:00,10,3420,18790
2017-04-04 13:00:00,20,3440,18780
2017-04-04 14:00:00,-20,3420,18800
2017-04-04 15:00:00,10,3430,18820
2017-04-04 16:00:00,60,3490,18830
2017-04-04 17:00:00,10,3500,18890
2017-04-04 18:00:00,20,3520,18880
2017-04-04 19:00:00,10,3530,18900
2017-04-04 20:00:00,10,3540,18890
2017-04-04 21:00:00,30,3570,18900
2017-04-05 00:00:00,-40,3530,18930
2017-04-05 01:00:00,50,3580,18890
2017-04-05 02:00:00,10,3590,18840
2017-04-05 03:00:00,-10,3580,18850
2017-04-05 04:00:00,0,3580,18860
2017-04-05 05:00:00,50,3630,18790
2017-04-05 06:00:00,-20,3610,18840
2017-04-05 07:00:00,0,3610,18860
2017-04-05 08:00:00,0,3610,18860
2017-04-05 09:00:00,10,3620,18850
2017-04-05 10:00:00,-30,3590,18860
2017-04-05 11:00:00,0,3590,18890
2017-04-05 12:00:00,0,3590,18890
2017-04-05 13:00:00,-60,3530,18890
2017-04-05 14:00:00,-40,3490,18950
2017-04-05 15:00:00,0,3490,18990
2017-04-05 16:00:00,0,3490,18990
2017-04-05 17:00:00,10,3500,18970
2017-04-05 18:00:00,0,3500,18980
2017-04-05 19:00:00,-80,3420,18980
2017-04-05 20:00:00,80,3500,18900
2017-04-05 21:00:00,-20,3480,18820
2017-04-06 00:00:00,-50,3430,18800
2017-04-06 01:00:00,50,3480,18750
2017-04-06 02:00:00,10,3490,18700
2017-04-06 03:00:00,-70,3420,18690
2017-04-06 04:00:00,-50,3370,18620
2017-04-06 05:00:00,20,3390,18570
2017-04-06 06:00:00,0,3390,18590
2017-04-06 07:00:00,0,3390,18590
2017-04-06 08:00:00,30,3420,18610
2017-04-06 09:00:00,60,3480,18640
2017-04-06 10:00:00,-10,3470,18700
2017-04-06 11:00:00,-30,3440,18710
2017-04-06 12:00:00,40,3480,18740
2017-04-06 13:00:00,0,3480,18700
2017-04-06 14:00:00,-10,3470,18700
2017-04-06 15:00:00,-20,3450,18710
2017-04-06 16:00:00,-20,3430,18730
2017-04-06 17:00:00,-40,3390,18750
2017-04-06 18:00:00,-20,3370,18710
2017-04-06 19:00:00,-50,3320,18730
2017-04-06 20:00:00,50,3370,18680
2017-04-06 21:00:00,10,3380,18730
2017-04-07 00:00:00,20,3400,18740
2017-04-07 01:00:00,20,3420,18720
2017-04-07 02:00:00,-170,3250,18740
2017-04-07 03:00:00,-20,3230,18570
2017-04-07 04:00:00,-90,3140,18590
2017-04-07 05:00:00,-10,3130,18680
2017-04-07 06:00:00,20,3150,18690
2017-04-07 07:00:00,-40,3110,18670
2017-04-07 08:00:00,-10,3100,18710
2017-04-07 09:00:00,20,3120,18720
2017-04-07 10:00:00,10,3130,18700
2017-04-07 11:00:00,-20,3110,18690
2017-04-07 12:00:00,0,3110,18710
2017-04-07 13:00:00,10,3120,18710
2017-04-07 14:00:00,-30,3090,18700
2017-04-07 15:00:00,10,3100,18730
2017-04-07 16:00:00,-10,3090,18720
2017-04-07 17:00:00,-50,3040,18730
2017-04-07 18:00:00,-50,2990,18780
2017-04-07 19:00:00,40,3030,18830
2017-04-07 20:00:00,-10,3020,18790
2017-04-07 21:00:00,10,3030,18800
2017-04-10 00:00:00,0,3030,18790
2017-04-10 01:00:00,-30,3000,18790
2017-04-10 02:00:00,-20,2980,18820
2017-04-10 03:00:00,-10,2970,18800
2017-04-10 04:00:00,0,2970,18790
2017-04-10 05:00:00,10,2980,18780
2017-04-10 06:00:00,10,2990,18790
2017-04-10 07:00:00,0,2990,18800
2017-04-10 08:00:00,-20,2970,18800
2017-04-10 09:00:00,0,2970,18780
2017-04-10 10:00:00,40,3010,18780
2017-04-10 11:00:00,0,3010,18740
2017-04-10 12:00:00,30,3040,18740
2017-04-10 13:00:00,0,3040,18770
2017-04-10 14:00:00,0,3040,18770
2017-04-10 15:00:00,0,3040,18780
2017-04-10 16:00:00,0,3040,18780
2017-04-10 17:00:00,-30,3010,18730
2017-04-10 18:00:00,0,3010,18760
2017-04-10 19:00:00,0,3010,18760
2017-04-10 20:00:00,0,3010,18760
2017-04-10 21:00:00,0,3010,18740
2017-04-11 00:00:00,0,3010,18750
2017-04-11 01:00:00,-40,2970,18700
2017-04-11 02:00:00,20,2990,18740
2017-04-11 03:00:00,-60,2930,18720
2017-04-11 04:00:00,30,2960,18660
2017-04-11 05:00:00,0,2960,18690
2017-04-11 06:00:00,0,2960,18690
2017-04-11 07:00:00,0,2960,18740
2017-04-11 08:00:00,0,2960,18710
2017-04-11 09:00:00,0,2960,18710
2017-04-11 10:00:00,-20,2940,18710
2017-04-11 11:00:00,0,2940,18730
2017-04-11 12:00:00,0,2940,18730
2017-04-11 13:00:00,-20,2920,18730
2017-04-11 14:00:00,-30,2890,18710
2017-04-11 15:00:00,-110,2780,18680
2017-04-11 16:00:00,30,2810,18570
2017-04-11 17:00:00,-20,2790,18600
2017-04-11 18:00:00,0,2790,18620
2017-04-11 19:00:00,0,2790,18620
2017-04-11 20:00:00,10,2800,18620
2017-04-11 21:00:00,0,2800,18630
2017-04-12 00:00:00,-40,2760,18630
2017-04-12 01:00:00,80,2840,18590
2017-04-12 02:00:00,-20,2820,18510
2017-04-12 03:00:00,30,2850,18530
2017-04-12 04:00:00,20,2870,18500
2017-04-12 05:00:00,10,2880,18520
2017-04-12 06:00:00,-20,2860,18510
2017-04-12 07:00:00,0,2860,18530
2017-04-12 08:00:00,-70,2790,18530
2017-04-12 09:00:00,-10,2780,18600
2017-04-12 10:00:00,30,2810,18590
2017-04-12 11:00:00,20,2830,18560
2017-04-12 12:00:00,0,2830,18540
2017-04-12 13:00:00,20,2850,18540
2017-04-12 14:00:00,-30,2820,18520
2017-04-12 15:00:00,40,2860,18550
2017-04-12 16:00:00,20,2880,18510
2017-04-12 17:00:00,-30,2850,18490
2017-04-12 18:00:00,-40,2810,18520
2017-04-12 19:00:00,0,2810,18560
2017-04-12 20:00:00,70,2880,18560
2017-04-12 21:00:00,20,2900,18490
2017-04-13 00:00:00,-90,2810,18470
2017-04-13 01:00:00,-50,2760,18380
2017-04-13 02:00:00,10,2770,18330
2017-04-13 03:00:00,-10,2760,18340
2017-04-13 04:00:00,-30,2730,18330
2017-04-13 05:00:00,10,2740,18360
2017-04-13 06:00:00,0,2740,18350
2017-04-13 07:00:00,40,2780,18440
2017-04-13 08:00:00,-30,2750,18400
2017-04-13 09:00:00,-10,2740,18370
2017-04-13 10:00:00,20,2760,18360
2017-04-13 11:00:00,-10,2750,18340
2017-04-13 12:00:00,0,2750,18350
2017-04-13 13:00:00,-10,2740,18350
2017-04-13 14:00:00,-40,2700,18360
2017-04-13 15:00:00,20,2720,18400
2017-04-13 16:00:00,-20,2700,18380
2017-04-13 17:00:00,-40,2660,18400
2017-04-13 18:00:00,-10,2650,18360
2017-04-13 19:00:00,0,2650,18350
2017-04-13 20:00:00,-30,2620,18370
2017-04-13 21:00:00,0,2620,18340
2017-04-14 00:00:00,20,2640,18360
2017-04-14 01:00:00,40,2680,18340
2017-04-14 02:00:00,0,2680,18380
2017-04-14 03:00:00,30,2710,18380
2017-04-14 04:00:00,0,2710,18350
2017-04-14 05:00:00,20,2730,18360
2017-04-14 06:00:00,-20,2710,18340
2017-04-14 07:00:00,0,2710,18320
2017-04-14 08:00:00,-20,2690,18320
2017-04-14 09:00:00,10,2700,18300
2017-04-14 10:00:00,-10,2690,18310
2017-04-14 11:00:00,0,2690,18300
2017-04-14 12:00:00,-10,2680,18300
2017-04-14 13:00:00,-30,2650,18290
2017-04-14 14:00:00,-20,2630,18260
2017-04-14 15:00:00,-10,2620,18240
2017-04-14 16:00:00,0,2620,18230
2017-04-14 17:00:00,-10,2610,18230
2017-04-14 18:00:00,10,2620,18240
2017-04-14 19:00:00,0,2620,18230
2017-04-14 20:00:00,0,2620,18230
2017-04-14 21:00:00,30,2650,18230
2017-04-17 00:00:00,30,2680,18260
2017-04-17 01:00:00,50,2730,18230
2017-04-17 02:00:00,50,2780,18280
2017-04-17 03:00:00,40,2820,18230
2017-04-17 04:00:00,-40,2780,18270
2017-04-17 05:00:00,0,2780,18310
2017-04-17 06:00:00,0,2780,18290
2017-04-17 07:00:00,-40,2740,18350
2017-04-17 08:00:00,10,2750,18310
2017-04-17 09:00:00,10,2760,18320
2017-04-17 10:00:00,0,2760,18310
2017-04-17 11:00:00,0,2760,18310
2017-04-17 12:00:00,30,2790,18310
2017-04-17 13:00:00,-20,2770,18340
2017-04-17 14:00:00,0,2770,18360
2017-04-17 15:00:00,-10,2760,18360
2017-04-17 16:00:00,-20,2740,18350
2017-04-17 17:00:00,10,2750,18370
2017-04-17 18:00:00,0,2750,18380
2017-04-17 19:00:00,30,2780,18380
2017-04-17 20:00:00,50,2830,18410
2017-04-17 21:00:00,10,2840,18460
2017-04-18 00:00:00,10,2850,18470
2017-04-18 01:00:00,-20,2830,18480
2017-04-18 02:00:00,-60,2770,18460
2017-04-18 03:00:00,-10,2760,18400
2017-04-18 04:00:00,-30,2730,18390
2017-04-18 05:00:00,50,2780,18360
2017-04-18 06:00:00,0,2780,18410
2017-04-18 07:00:00,-30,2750,18410
2017-04-18 08:00:00,70,2820,18440
2017-04-18 09:00:00,0,2820,18370
2017-04-18 10:00:00,40,2860,18370
2017-04-18 11:00:00,30,2890,18330
2017-04-18 12:00:00,-10,2880,18360
2017-04-18 13:00:00,10,2890,18370
2017-04-18 14:00:00,-30,2860,18360
2017-04-18 15:00:00,-50,2810,18390
2017-04-18 16:00:00,60,2870,18340
2017-04-18 17:00:00,-10,2860,18280
2017-04-18 18:00:00,0,2860,18290
2017-04-18 19:00:00,0,2860,18300
2017-04-18 20:00:00,-20,2840,18300
2017-04-18 21:00:00,10,2850,18320
2017-04-19 00:00:00,10,2860,18310
2017-04-19 01:00:00,-100,2760,18320
2017-04-19 02:00:00,20,2780,18420
2017-04-19 03:00:00,-20,2760,18400
2017-04-19 04:00:00,10,2770,18380
2017-04-19 05:00:00,-50,2720,18390
2017-04-19 06:00:00,0,2720,18440
2017-04-19 07:00:00,-30,2690,18440
2017-04-19 08:00:00,0,2690,18410
2017-04-19 09:00:00,30,2720,18430
2017-04-19 10:00:00,-20,2700,18460
2017-04-19 11:00:00,20,2720,18480
2017-04-19 12:00:00,30,2750,18460
2017-04-19 13:00:00,30,2780,18490
2017-04-19 14:00:00,-40,2740,18460
2017-04-19 15:00:00,-50,2690,18500
2017-04-19 16:00:00,0,2690,18450
2017-04-19 17:00:00,0,2690,18450
2017-04-19 18:00:00,0,2690,18430
2017-04-19 19:00:00,50,2740,18430
2017-04-19 20:00:00,-20,2720,18380
2017-04-19 21:00:00,20,2740,18400
2017-04-20 00:00:00,-60,2680,18380
2017-04-20 01:00:00,-20,2660,18440
2017-04-20 02:00:00,50,2710,18460
2017-04-20 03:00:00,50,2760,18510
2017-04-20 04:00:00,-20,2740,18460
2017-04-20 05:00:00,10,2750,18480
2017-04-20 06:00:00,-60,2690,18490
2017-04-20 07:00:00,40,2730,18430
2017-04-20 08:00:00,-30,2700,18470
2017-04-20 09:00:00,10,2710,18500
2017-04-20 10:00:00,10,2720,18510
2017-04-20 11:00:00,-20,2700,18500
2017-04-20 12:00:00,-20,2680,18480
2017-04-20 13:00:00,0,2680,18500
2017-04-20 14:00:00,20,2700,18500
2017-04-20 15:00:00,0,2700,18520
2017-04-20 16:00:00,0,2700,18570
2017-04-20 17:00:00,0,2700,18570
2017-04-20 18:00:00,-10,2690,18580
2017-04-20 19:00:00,0,2690,18590
2017-04-20 20:00:00,0,2690,18590
2017-04-20 21:00:00,-10,2680,18580
2017-04-21 00:00:00,-10,2670,18590
2017-04-21 01:00:00,-30,2640,18580
2017-04-21 02:00:00,10,2650,18550
2017-04-21 03:00:00,20,2670,18560
2017-04-21 04:00:00,10,2680,18580
2017-04-21 05:00:00,10,2690,18570
2017-04-21 06:00:00,0,2690,18580
2017-04-21 07:00:00,-30,2660,18620
2017-04-21 08:00:00,30,2690,18650
2017-04-21 09:00:00,-20,2670,18620
2017-04-21 10:00:00,10,2680,18600
2017-04-21 11:00:00,0,2680,18610
2017-04-21 12:00:00,0,2680,18610
2017-04-21 13:00:00,0,2680,18620
2017-04-21 14:00:00,0,2680,18620
2017-04-21 15:00:00,-10,2670,18610
2017-04-21 16:00:00,0,2670,18600
2017-04-21 17:00:00,20,2690,18610
2017-04-21 18:00:00,30,2720,18590
2017-04-21 19:00:00,0,2720,18620
2017-04-21 20:00:00,0,2720,18620
2017-04-21 21:00:00,30,2750,18590
2017-04-24 00:00:00,280,3030,18620
2017-04-24 01:00:00,0,3030,18900
2017-04-24 02:00:00,-10,3020,18880
2017-04-24 03:00:00,0,3020,18870
2017-04-24 04:00:00,-20,3000,18880
2017-04-24 05:00:00,10,3010,18860
2017-04-24 06:00:00,10,3020,18870
2017-04-24 07:00:00,-60,2960,18880
2017-04-24 08:00:00,0,2960,18940
2017-04-24 09:00:00,30,2990,18930
2017-04-24 10:00:00,-10,2980,18960
2017-04-24 11:00:00,-10,2970,18970
2017-04-24 12:00:00,0,2970,18960
2017-04-24 13:00:00,0,2970,18960
2017-04-24 14:00:00,0,2970,18960
2017-04-24 15:00:00,0,2970,18960
2017-04-24 16:00:00,-40,2930,18910
2017-04-24 17:00:00,0,2930,18870
2017-04-24 18:00:00,0,2930,18870
2017-04-24 19:00:00,10,2940,18880
2017-04-24 20:00:00,0,2940,18890
2017-04-24 21:00:00,-40,2900,18890
2017-04-25 00:00:00,80,2980,18930
2017-04-25 01:00:00,90,3070,18850
2017-04-25 02:00:00,-30,3040,18940
2017-04-25 03:00:00,-80,2960,18970
2017-04-25 04:00:00,30,2990,19050
2017-04-25 05:00:00,10,3000,19020
2017-04-25 06:00:00,-70,2930,19010
2017-04-25 07:00:00,-10,2920,19080
2017-04-25 08:00:00,20,2940,19090
2017-04-25 09:00:00,-40,2900,19070
2017-04-25 10:00:00,0,2900,19110
2017-04-25 11:00:00,-10,2890,19110
2017-04-25 12:00:00,-20,2870,19120
2017-04-25 13:00:00,-20,2850,19140
2017-04-25 14:00:00,-10,2840,19160
2017-04-25 15:00:00,-10,2830,19170
2017-04-25 16:00:00,0,2830,19180
2017-04-25 17:00:00,-10,2820,19180
2017-04-25 18:00:00,-20,2800,19190
2017-04-25 19:00:00,0,2800,19210
2017-04-25 20:00:00,10,2810,19210
2017-04-25 21:00:00,20,2830,19200
2017-04-26 00:00:00,-20,2810,19180
2017-04-26 01:00:00,-10,2800,19200
2017-04-26 02:00:00,-10,2790,19210
2017-04-26 03:00:00,-10,2780,19220
2017-04-26 04:00:00,20,2800,19230
2017-04-26 05:00:00,-60,2740,19210
2017-04-26 06:00:00,-10,2730,19270
2017-04-26 07:00:00,0,2730,19280
2017-04-26 08:00:00,40,2770,19280
2017-04-26 09:00:00,-10,2760,19240
2017-04-26 10:00:00,-10,2750,19250
2017-04-26 11:00:00,0,2750,19260
2017-04-26 12:00:00,0,2750,19260
2017-04-26 13:00:00,-30,2720,19260
2017-04-26 14:00:00,0,2720,19290
2017-04-26 15:00:00,-30,2690,19290
2017-04-26 16:00:00,-60,2630,19320
2017-04-26 17:00:00,40,2670,19260
2017-04-26 18:00:00,40,2710,19300
2017-04-26 19:00:00,0,2710,19260
2017-04-26 20:00:00,60,2770,19250
2017-04-26 21:00:00,20,2790,19190
2017-04-27 00:00:00,30,2820,19170
2017-04-27 01:00:00,-40,2780,19200
2017-04-27 02:00:00,0,2780,19240
2017-04-27 03:00:00,0,2780,19240
2017-04-27 04:00:00,10,2790,19260
2017-04-27 05:00:00,10,2800,19250
2017-04-27 06:00:00,-10,2790,19260
2017-04-27 07:00:00,40,2830,19250
2017-04-27 08:00:00,20,2850,19290
2017-04-27 09:00:00,-20,2830,19270
2017-04-27 10:00:00,-10,2820,19290
2017-04-27 11:00:00,10,2830,19280
2017-04-27 12:00:00,10,2840,19270
2017-04-27 13:00:00,0,2840,19280
2017-04-27 14:00:00,-10,2830,19280
2017-04-27 15:00:00,0,2830,19290
2017-04-27 16:00:00,0,2830,19220
2017-04-27 17:00:00,40,2870,19200
2017-04-27 18:00:00,0,2870,19240
2017-04-27 19:00:00,0,2870,19240
2017-04-27 20:00:00,0,2870,19240
2017-04-27 21:00:00,10,2880,19230
2017-04-28 00:00:00,0,2880,19240
2017-04-28 01:00:00,0,2880,19230
2017-04-28 02:00:00,10,2890,19230
2017-04-28 03:00:00,10,2900,19220
2017-04-28 04:00:00,-10,2890,19210
2017-04-28 05:00:00,40,2930,19220
2017-04-28 06:00:00,-20,2910,19180
2017-04-28 07:00:00,0,2910,19200
2017-04-28 08:00:00,0,2910,19200
2017-04-28 09:00:00,10,2920,19200
2017-04-28 10:00:00,-40,2880,19190
2017-04-28 11:00:00,0,2880,19230
2017-04-28 12:00:00,10,2890,19230
2017-04-28 13:00:00,-30,2860,19220
2017-04-28 14:00:00,20,2880,19250
2017-04-28 15:00:00,0,2880,19230
2017-04-28 16:00:00,10,2890,19230
2017-04-28 17:00:00,10,2900,19220
2017-04-28 18:00:00,0,2900,19230
2017-04-28 19:00:00,0,2900,19230
2017-04-28 20:00:00,0,2900,19230
2017-04-28 21:00:00,20,2920,19220
2017-05-01 00:00:00,30,2950,19240
2017-05-01 01:00:00,-20,2930,19210
2017-05-01 02:00:00,-40,2890,19230
2017-05-01 03:00:00,0,2890,19270
2017-05-01 04:00:00,20,2910,19270
2017-05-01 05:00:00,0,2910,19290
2017-05-01 06:00:00,-30,2880,19280
2017-05-01 07:00:00,0,2880,19310
2017-05-01 08:00:00,10,2890,19310
2017-05-01 09:00:00,0,2890,19320
2017-05-01 10:00:00,10,2900,19330
2017-05-01 11:00:00,0,2900,19340
2017-05-01 12:00:00,0,2900,19340
2017-05-01 13:00:00,20,2920,19340
2017-05-01 14:00:00,10,2930,19320
2017-05-01 15:00:00,-10,2920,19330
2017-05-01 16:00:00,-20,2900,19320
2017-05-01 17:00:00,0,2900,19340
2017-05-01 18:00:00,0,2900,19340
2017-05-01 19:00:00,0,2900,19360
2017-05-01 20:00:00,0,2900,19360
2017-05-01 21:00:00,-20,2880,19350
2017-05-02 00:00:00,0,2880,19370
2017-05-02 01:00:00,-100,2780,19350
2017-05-02 02:00:00,40,2820,19450
2017-05-02 03:00:00,40,2860,19410
2017-05-02 04:00:00,-10,2850,19450
2017-05-02 05:00:00,-10,2840,19440
2017-05-02 06:00:00,-20,2820,19430
2017-05-02 07:00:00,-30,2790,19450
2017-05-02 08:00:00,-10,2780,19480
2017-05-02 09:00:00,10,2790,19490
2017-05-02 10:00:00,20,2810,19480
2017-05-02 11:00:00,-10,2800,19500
2017-05-02 12:00:00,-10,2790,19490
2017-05-02 13:00:00,0,2790,19500
2017-05-02 14:00:00,30,2820,19500
2017-05-02 15:00:00,0,2820,19470
2017-05-02 16:00:00,0,2820,19470
2017-05-02 17:00:00,0,2820,19470
2017-05-02 18:00:00,10,2830,19470
2017-05-02 19:00:00,0,2830,19460
2017-05-02 20:00:00,0,2830,19460
2017-05-02 21:00:00,-10,2820,19460
2017-05-08 00:00:00,280,3100,19450
2017-05-08 01:00:00,50,3150,19730
2017-05-08 02:00:00,-10,3140,19780
2017-05-08 03:00:00,30,3170,19790
2017-05-08 04:00:00,-50,3120,19820
2017-05-08 05:00:00,-10,3110,19870
2017-05-08 06:00:00,-20,3090,19880
2017-05-08 07:00:00,30,3120,19900
2017-05-08 08:00:00,40,3160,19870
2017-05-08 09:00:00,-20,3140,19830
2017-05-08 10:00:00,-20,3120,19810
2017-05-08 11:00:00,-30,3090,19790
2017-05-08 12:00:00,10,3100,19820
2017-05-08 13:00:00,-10,3090,19830
2017-05-08 14:00:00,10,3100,19820
2017-05-08 15:00:00,30,3130,19830
2017-05-08 16:00:00,-10,3120,19860
2017-05-08 17:00:00,0,3120,19870
2017-05-08 18:00:00,0,3120,19870
2017-05-08 19:00:00,10,3130,19870
2017-05-08 20:00:00,-30,3100,19880
2017-05-08 21:00:00,0,3100,19910
2017-05-09 00:00:00,0,3100,19910
2017-05-09 01:00:00,0,3100,19910
2017-05-09 02:00:00,-10,3090,19870
2017-05-09 03:00:00,20,3110,19860
2017-05-09 04:00:00,20,3130,19880
2017-05-09 05:00:00,20,3150,19860
2017-05-09 06:00:00,30,3180,19880
2017-05-09 07:00:00,40,3220,19850
2017-05-09 08:00:00,-60,3160,19890
2017-05-09 09:00:00,0,3160,19950
2017-05-09 10:00:00,-10,3150,19940
2017-05-09 11:00:00,-20,3130,19950
2017-05-09 12:00:00,10,3140,19970
2017-05-09 13:00:00,10,3150,19980
2017-05-09 14:00:00,0,3150,19990
2017-05-09 15:00:00,-20,3130,19990
2017-05-09 16:00:00,10,3140,20010
2017-05-09 17:00:00,0,3140,20020
2017-05-09 18:00:00,0,3140,20020
2017-05-09 19:00:00,0,3140,20010
2017-05-09 20:00:00,0,3140,20010
2017-05-09 21:00:00,-60,3080,19980
2017-05-10 00:00:00,-30,3050,19920
2017-05-10 01:00:00,0,3050,19890
2017-05-10 02:00:00,0,3050,19890
2017-05-10 03:00:00,-10,3040,19900
2017-05-10 04:00:00,10,3050,19890
2017-05-10 05:00:00,-10,3040,19900
2017-05-10 06:00:00,30,3070,19890
2017-05-10 07:00:00,20,3090,19920
2017-05-10 08:00:00,0,3090,19900
2017-05-10 09:00:00,0,3090,19900
2017-05-10 10:00:00,0,3090,19880
2017-05-10 11:00:00,20,3110,19890
2017-05-10 12:00:00,20,3130,19870
2017-05-10 13:00:00,-10,3120,19890
2017-05-10 14:00:00,0,3120,19900
2017-05-10 15:00:00,-20,3100,19900
2017-05-10 16:00:00,0,3100,19920
2017-05-10 17:00:00,0,3100,19920
2017-05-10 18:00:00,0,3100,19940
2017-05-10 19:00:00,-10,3090,19950
2017-05-10 20:00:00,10,3100,19960
2017-05-10 21:00:00,-10,3090,19950
2017-05-11 00:00:00,-10,3080,19940
2017-05-11 01:00:00,-30,3050,19950
2017-05-11 02:00:00,10,3060,19920
2017-05-11 03:00:00,10,3070,19930
2017-05-11 04:00:00,0,3070,19940
2017-05-11 05:00:00,30,3100,19940
2017-05-11 06:00:00,0,3100,19970
2017-05-11 07:00:00,-10,3090,19970
2017-05-11 08:00:00,-10,3080,19960
2017-05-11 09:00:00,10,3090,19950
2017-05-11 10:00:00,-20,3070,19960
2017-05-11 11:00:00,20,3090,19940
2017-05-11 12:00:00,-60,3030,19960
2017-05-11 13:00:00,10,3040,19900
2017-05-11 14:00:00,-60,2980,19910
2017-05-11 15:00:00,0,2980,19850
2017-05-11 16:00:00,20,3000,19850
2017-05-11 17:00:00,0,3000,19870
2017-05-11 18:00:00,20,3020,19870
2017-05-11 19:00:00,-20,3000,19890
2017-05-11 20:00:00,0,3000,19870
2017-05-11 21:00:00,-10,2990,19870
2017-05-12 00:00:00,-30,2960,19880
2017-05-12 01:00:00,20,2980,19910
2017-05-12 02:00:00,-40,2940,19890
2017-05-12 03:00:00,10,2950,19850
2017-05-12 04:00:00,0,2950,19840
2017-05-12 05:00:00,-10,2940,19840
2017-05-12 06:00:00,-40,2900,19850
2017-05-12 07:00:00,10,2910,19890
2017-05-12 08:00:00,40,2950,19880
2017-05-12 09:00:00,-10,2940,19840
2017-05-12 10:00:00,0,2940,19850
2017-05-12 11:00:00,-10,2930,19850
2017-05-12 12:00:00,-10,2920,19860
2017-05-12 13:00:00,50,2970,19870
2017-05-12 14:00:00,-10,2960,19820
2017-05-12 15:00:00,30,2990,19830
2017-05-12 16:00:00,-20,2970,19800
2017-05-12 17:00:00,0,2970,19820
2017-05-12 18:00:00,-20,2950,19820
2017-05-12 19:00:00,-20,2930,19800
2017-05-12 20:00:00,10,2940,19820
2017-05-12 21:00:00,10,2950,19810
2017-05-15 00:00:00,-40,2910,19800
2017-05-15 01:00:00,70,2980,19760
2017-05-15 02:00:00,-10,2970,19830
2017-05-15 03:00:00,-10,2960,19840
2017-05-15 04:00:00,-20,2940,19850
2017-05-15 05:00:00,40,2980,19870
2017-05-15 06:00:00,-30,2950,19830
2017-05-15 07:00:00,-30,2920,19860
2017-05-15 08:00:00,20,2940,19890
2017-05-15 09:00:00,20,2960,19910
2017-05-15 10:00:00,20,2980,19890
2017-05-15 11:00:00,-10,2970,19870
2017-05-15 12:00:00,-10,2960,19880
2017-05-15 13:00:00,10,2970,19890
2017-05-15 14:00:00,-50,2920,19880
2017-05-15 15:00:00,0,2920,19930
2017-05-15 16:00:00,10,2930,19930
2017-05-15 17:00:00,-10,2920,19920
2017-05-15 18:00:00,0,2920,19930
2017-05-15 19:00:00,30,2950,19960
2017-05-15 20:00:00,20,2970,19930
2017-05-15 21:00:00,-20,2950,19950
2017-05-16 00:00:00,30,2980,19970
2017-05-16 01:00:00,-20,2960,19940
2017-05-16 02:00:00,30,2990,19960
2017-05-16 03:00:00,40,3030,19930
2017-05-16 04:00:00,10,3040,19890
2017-05-16 05:00:00,-10,3030,19900
2017-05-16 06:00:00,-10,3020,19910
2017-05-16 07:00:00,40,3060,19920
2017-05-16 08:00:00,10,3070,19880
2017-05-16 09:00:00,30,3100,19890
2017-05-16 10:00:00,10,3110,19920
2017-05-16 11:00:00,-10,3100,19910
2017-05-16 12:00:00,-20,3080,19920
2017-05-16 13:00:00,0,3080,19940
2017-05-16 14:00:00,-30,3050,19940
2017-05-16 15:00:00,110,3160,19970
2017-05-16 16:00:00,10,3170,19860
2017-05-16 17:00:00,0,3170,19850
2017-05-16 18:00:00,30,3200,19860
2017-05-16 19:00:00,0,3200,19830
2017-05-16 20:00:00,0,3200,19830
2017-05-16 21:00:00,-20,3180,19850
2017-05-17 00:00:00,-40,3140,19830
2017-05-17 01:00:00,-40,3100,19790
2017-05-17 02:00:00,0,3100,19830
2017-05-17 03:00:00,30,3130,19830
2017-05-17 04:00:00,-10,3120,19800
2017-05-17 05:00:00,10,3130,19790
2017-05-17 06:00:00,-20,3110,19800
2017-05-17 07:00:00,50,3160,19820
2017-05-17 08:00:00,0,3160,19770
2017-05-17 09:00:00,-20,3140,19770
2017-05-17 10:00:00,30,3170,19790
2017-05-17 11:00:00,-20,3150,19760
2017-05-17 12:00:00,10,3160,19780
2017-05-17 13:00:00,90,3250,19770
2017-05-17 14:00:00,-120,3130,19680
2017-05-17 15:00:00,-40,3090,19560
2017-05-17 16:00:00,20,3110,19520
2017-05-17 17:00:00,0,3110,19540
2017-05-17 18:00:00,50,3160,19540
2017-05-17 19:00:00,0,3160,19490
2017-05-17 20:00:00,40,3200,19490
2017-05-17 21:00:00,-30,3170,19450
2017-05-18 00:00:00,-30,3140,19480
2017-05-18 01:00:00,30,3170,19510
2017-05-18 02:00:00,0,3170,19480
2017-05-18 03:00:00,-20,3150,19480
2017-05-18 04:00:00,10,3160,19500
2017-05-18 05:00:00,-20,3140,19490
2017-05-18 06:00:00,-40,3100,19510
2017-05-18 07:00:00,-20,3080,19550
2017-05-18 08:00:00,90,3170,19570
2017-05-18 09:00:00,-10,3160,19480
2017-05-18 10:00:00,180,3340,19490
2017-05-18 11:00:00,10,3350,19310
2017-05-18 12:00:00,90,3440,19300
2017-05-18 13:00:00,10,3450,19390
2017-05-18 14:00:00,-40,3410,19400
2017-05-18 15:00:00,-90,3320,19440
2017-05-18 16:00:00,-40,3280,19530
2017-05-18 17:00:00,-40,3240,19490
2017-05-18 18:00:00,70,3310,19530
2017-05-18 19:00:00,-20,3290,19600
2017-05-18 20:00:00,20,3310,19620
2017-05-18 21:00:00,-20,3290,19600
2017-05-19 00:00:00,30,3320,19620
2017-05-19 01:00:00,-70,3250,19590
2017-05-19 02:00:00,0,3250,19520
2017-05-19 03:00:00,20,3270,19520
2017-05-19 04:00:00,-40,3230,19540
2017-05-19 05:00:00,0,3230,19580
2017-05-19 06:00:00,-20,3210,19580
2017-05-19 07:00:00,0,3210,19600
2017-05-19 08:00:00,0,3210,19600
2017-05-19 09:00:00,-30,3180,19610
2017-05-19 10:00:00,-10,3170,19640
2017-05-19 11:00:00,30,3200,19650
2017-05-19 12:00:00,10,3210,19620
2017-05-19 13:00:00,0,3210,19630
2017-05-19 14:00:00,-40,3170,19630
2017-05-19 15:00:00,0,3170,19670
2017-05-19 16:00:00,0,3170,19740
2017-05-19 17:00:00,20,3190,19710
2017-05-19 18:00:00,-10,3180,19730
2017-05-19 19:00:00,10,3190,19720
2017-05-19 20:00:00,-50,3140,19730
2017-05-19 21:00:00,10,3150,19680
2017-05-22 00:00:00,-20,3130,19690
2017-05-22 01:00:00,0,3130,19670
2017-05-22 02:00:00,20,3150,19630
2017-05-22 03:00:00,10,3160,19650
2017-05-22 04:00:00,60,3220,19640
2017-05-22 05:00:00,30,3250,19700
2017-05-22 06:00:00,0,3250,19670
2017-05-22 07:00:00,0,3250,19670
2017-05-22 08:00:00,-30,3220,19670
2017-05-22 09:00:00,30,3250,19640
2017-05-22 10:00:00,20,3270,19670
2017-05-22 11:00:00,10,3280,19650
2017-05-22 12:00:00,0,3280,19660
2017-05-22 13:00:00,0,3280,19660
2017-05-22 14:00:00,0,3280,19660
2017-05-22 15:00:00,20,3300,19660
2017-05-22 16:00:00,-20,3280,19640
2017-05-22 17:00:00,0,3280,19660
2017-05-22 18:00:00,0,3280,19660
2017-05-22 19:00:00,-10,3270,19660
2017-05-22 20:00:00,-10,3260,19670
2017-05-22 21:00:00,-10,3250,19680
2017-05-23 00:00:00,50,3300,19690
2017-05-23 01:00:00,40,3340,19640
2017-05-23 02:00:00,30,3370,19680
2017-05-23 03:00:00,20,3390,19650
2017-05-23 04:00:00,-10,3380,19670
2017-05-23 05:00:00,0,3380,19660
2017-05-23 06:00:00,0,3380,19660
2017-05-23 07:00:00,-30,3350,19610
2017-05-23 08:00:00,-30,3320,19640
2017-05-23 09:00:00,10,3330,19670
2017-05-23 10:00:00,10,3340,19680
2017-05-23 11:00:00,0,3340,19670
2017-05-23 12:00:00,0,3340,19680
2017-05-23 13:00:00,0,3340,19680
2017-05-23 14:00:00,0,3340,19680
2017-05-23 15:00:00,10,3350,19660
2017-05-23 16:00:00,-90,3260,19670
2017-05-23 17:00:00,-10,3250,19760
2017-05-23 18:00:00,10,3260,19750
2017-05-23 19:00:00,-20,3240,19740
2017-05-23 20:00:00,-10,3230,19760
2017-05-23 21:00:00,-10,3220,19770
2017-05-24 00:00:00,0,3220,19780
2017-05-24 01:00:00,60,3280,19780
2017-05-24 02:00:00,0,3280,19720
2017-05-24 03:00:00,-10,3270,19710
2017-05-24 04:00:00,-10,3260,19720
2017-05-24 05:00:00,10,3270,19730
2017-05-24 06:00:00,-30,3240,19720
2017-05-24 07:00:00,10,3250,19750
2017-05-24 08:00:00,-10,3240,19740
2017-05-24 09:00:00,10,3250,19750
2017-05-24 10:00:00,10,3260,19740
2017-05-24 11:00:00,10,3270,19730
2017-05-24 12:00:00,-10,3260,19720
2017-05-24 13:00:00,0,3260,19730
2017-05-24 14:00:00,0,3260,19730
2017-05-24 15:00:00,-10,3250,19730
2017-05-24 16:00:00,10,3260,19740
2017-05-24 17:00:00,0,3260,19750
2017-05-24 18:00:00,10,3270,19740
2017-05-24 19:00:00,0,3270,19730
2017-05-24 20:00:00,0,3270,19730
2017-05-24 21:00:00,0,3270,19730
2017-05-25 00:00:00,0,3270,19720
2017-05-25 01:00:00,30,3300,19720
2017-05-25 02:00:00,-80,3220,19750
2017-05-25 03:00:00,0,3220,19830
2017-05-25 04:00:00,0,3220,19830
2017-05-25 05:00:00,0,3220,19830
2017-05-25 06:00:00,-10,3210,19820
2017-05-25 07:00:00,-10,3200,19810
2017-05-25 08:00:00,-10,3190,19800
2017-05-25 09:00:00,-10,3180,19790
2017-05-25 10:00:00,30,3210,19780
2017-05-25 11:00:00,20,3230,19810
2017-05-25 12:00:00,-10,3220,19790
2017-05-25 13:00:00,20,3240,19780
2017-05-25 14:00:00,10,3250,19800
2017-05-25 15:00:00,0,3250,19790
2017-05-25 16:00:00,-20,3230,19830
2017-05-25 17:00:00,0,3230,19810
2017-05-25 18:00:00,-20,3210,19800
2017-05-25 19:00:00,10,3220,19820
2017-05-25 20:00:00,10,3230,19810
2017-05-25 21:00:00,-10,3220,19820
2017-05-26 00:00:00,-20,3200,19810
2017-05-26 01:00:00,-30,3170,19790
2017-05-26 02:00:00,10,3180,19760
2017-05-26 03:00:00,30,3210,19770
2017-05-26 04:00:00,-10,3200,19740
2017-05-26 05:00:00,0,3200,19750
2017-05-26 06:00:00,50,3250,19750
2017-05-26 07:00:00,10,3260,19700
2017-05-26 08:00:00,20,3280,19710
2017-05-26 09:00:00,-60,3220,19690
2017-05-26 10:00:00,10,3230,19630
2017-05-26 11:00:00,10,3240,19640
2017-05-26 12:00:00,40,3280,19630
2017-05-26 13:00:00,-40,3240,19590
2017-05-26 14:00:00,-30,3210,19630
2017-05-26 15:00:00,10,3220,19660
2017-05-26 16:00:00,30,3250,19650
2017-05-26 17:00:00,-20,3230,19680
2017-05-26 18:00:00,20,3250,19700
2017-05-26 19:00:00,-10,3240,19680
2017-05-26 20:00:00,30,3270,19670
2017-05-26 21:00:00,0,3270,19700
2017-05-29 00:00:00,-30,3240,19720
2017-05-29 01:00:00,0,3240,19690
2017-05-29 02:00:00,10,3250,19700
2017-05-29 03:00:00,-20,3230,19710
2017-05-29 04:00:00,20,3250,19730
2017-05-29 05:00:00,10,3260,19710
2017-05-29 06:00:00,10,3270,19700
2017-05-29 07:00:00,0,3270,19690
2017-05-29 08:00:00,0,3270,19680
2017-05-29 09:00:00,0,3270,19680
2017-05-29 10:00:00,0,3270,19680
2017-05-29 11:00:00,0,3270,19680
2017-05-29 12:00:00,0,3270,19680
2017-05-29 13:00:00,0,3270,19680
2017-05-29 14:00:00,0,3270,19680
2017-05-29 15:00:00,0,3270,19680
2017-05-29 16:00:00,10,3280,19680
2017-05-29 17:00:00,0,3280,19690
2017-05-29 20:00:00,0,3280,19690
2017-05-29 21:00:00,0,3280,19680
2017-05-30 00:00:00,10,3290,19690
2017-05-30 01:00:00,-50,3240,19680
2017-05-30 02:00:00,-40,3200,19630
2017-05-30 03:00:00,-10,3190,19590
2017-05-30 04:00:00,60,3250,19580
2017-05-30 05:00:00,10,3260,19640
2017-05-30 06:00:00,-20,3240,19650
2017-05-30 07:00:00,0,3240,19670
2017-05-30 08:00:00,0,3240,19670
2017-05-30 09:00:00,10,3250,19670
2017-05-30 10:00:00,10,3260,19660
2017-05-30 11:00:00,-10,3250,19670
2017-05-30 12:00:00,-30,3220,19660
2017-05-30 13:00:00,40,3260,19630
2017-05-30 14:00:00,-10,3250,19670
2017-05-30 15:00:00,0,3250,19660
2017-05-30 16:00:00,0,3250,19660
2017-05-30 17:00:00,10,3260,19630
2017-05-30 18:00:00,0,3260,19640
2017-05-30 19:00:00,0,3260,19640
2017-05-30 20:00:00,-10,3250,19630
2017-05-30 21:00:00,-10,3240,19620
2017-05-31 00:00:00,10,3250,19630
2017-05-31 01:00:00,30,3280,19620
2017-05-31 02:00:00,0,3280,19650
2017-05-31 03:00:00,-20,3260,19650
2017-05-31 04:00:00,-20,3240,19670
2017-05-31 05:00:00,0,3240,19650
2017-05-31 06:00:00,10,3250,19630
2017-05-31 07:00:00,-20,3230,19640
2017-05-31 08:00:00,0,3230,19660
2017-05-31 09:00:00,0,3230,19660
2017-05-31 10:00:00,0,3230,19660
2017-05-31 11:00:00,20,3250,19650
2017-05-31 12:00:00,-40,3210,19670
2017-05-31 13:00:00,-20,3190,19710
2017-05-31 14:00:00,-50,3140,19690
2017-05-31 15:00:00,-20,3120,19640
2017-05-31 16:00:00,0,3120,19660
2017-05-31 17:00:00,0,3120,19660
2017-05-31 18:00:00,10,3130,19650
2017-05-31 19:00:00,0,3130,19640
2017-05-31 20:00:00,0,3130,19640
2017-05-31 21:00:00,-20,3110,19660
2017-06-01 00:00:00,0,3110,19680
2017-06-01 01:00:00,160,3270,19680
2017-06-01 02:00:00,0,3270,19840
2017-06-01 03:00:00,-50,3220,19800
2017-06-01 04:00:00,-10,3210,19850
2017-06-01 05:00:00,-20,3190,19860
2017-06-01 06:00:00,20,3210,19880
2017-06-01 07:00:00,0,3210,19860
2017-06-01 08:00:00,0,3210,19860
2017-06-01 09:00:00,30,3240,19870
2017-06-01 10:00:00,10,3250,19900
2017-06-01 11:00:00,0,3250,19890
2017-06-01 12:00:00,0,3250,19890
2017-06-01 13:00:00,0,3250,19890
2017-06-01 14:00:00,-10,3240,19900
2017-06-01 15:00:00,30,3270,19910
2017-06-01 16:00:00,10,3280,19880
2017-06-01 17:00:00,-30,3250,19890
2017-06-01 18:00:00,10,3260,19920
2017-06-01 19:00:00,0,3260,19910
2017-06-01 20:00:00,0,3260,19910
2017-06-01 21:00:00,0,3260,19910
2017-06-02 00:00:00,0,3260,19910
2017-06-02 01:00:00,130,3390,19960
2017-06-02 02:00:00,-10,3380,20090
2017-06-02 03:00:00,-80,3300,20100
2017-06-02 04:00:00,-30,3270,20180
2017-06-02 05:00:00,0,3270,20210
2017-06-02 06:00:00,0,3270,20210
2017-06-02 07:00:00,-30,3240,20200
2017-06-02 08:00:00,20,3260,20170
2017-06-02 09:00:00,-20,3240,20190
2017-06-02 10:00:00,20,3260,20170
2017-06-02 11:00:00,40,3300,20190
2017-06-02 12:00:00,-20,3280,20230
2017-06-02 13:00:00,-90,3190,20210
2017-06-02 14:00:00,-40,3150,20120
2017-06-02 15:00:00,50,3200,20080
2017-06-02 16:00:00,-20,3180,20130
2017-06-02 17:00:00,-10,3170,20150
2017-06-02 18:00:00,-10,3160,20160
2017-06-02 19:00:00,0,3160,20170
2017-06-02 20:00:00,0,3160,20170
2017-06-02 21:00:00,30,3190,20170
2017-06-05 00:00:00,20,3210,20140
2017-06-05 01:00:00,0,3210,20120
2017-06-05 02:00:00,-46,3164,20130
2017-06-05 03:00:00,-9,3155,20176
2017-06-05 04:00:00,10,3165,20185
2017-06-05 05:00:00,30,3195,20175
2017-06-05 06:00:00,-25,3170,20205
2017-06-05 07:00:00,0,3170,20180
2017-06-05 08:00:00,-10,3160,20150
2017-06-05 09:00:00,-10,3150,20140
2017-06-05 10:00:00,10,3160,20130
2017-06-05 11:00:00,0,3160,20140
2017-06-05 12:00:00,0,3160,20140
2017-06-05 13:00:00,13,3173,20137
2017-06-05 14:00:00,-10,3163,20150
2017-06-05 15:00:00,-10,3153,20160
2017-06-05 16:00:00,0,3153,20150
2017-06-05 17:00:00,3,3156,20150
2017-06-05 18:00:00,3,3159,20147
2017-06-05 19:00:00,4,3163,20150
2017-06-05 20:00:00,-14,3149,20146
2017-06-05 21:00:00,20,3169,20160
2017-06-06 00:00:00,0,3169,20140
2017-06-06 01:00:00,60,3229,20140
2017-06-06 02:00:00,33,3262,20080
2017-06-06 03:00:00,0,3262,20047
2017-06-06 04:00:00,0,3262,20047
2017-06-06 05:00:00,-10,3252,20056
2017-06-06 06:00:00,-96,3156,20066
2017-06-06 07:00:00,0,3156,19970
2017-06-06 08:00:00,10,3166,19970
2017-06-06 09:00:00,-5,3161,19980
2017-06-06 10:00:00,25,3186,19985
2017-06-06 11:00:00,-30,3156,19960
2017-06-06 12:00:00,-5,3151,19930
2017-06-06 13:00:00,5,3156,19925
2017-06-06 14:00:00,30,3186,19920
2017-06-06 15:00:00,20,3206,19950
2017-06-06 16:00:00,10,3216,19930
2017-06-06 17:00:00,0,3216,19940
2017-06-06 18:00:00,30,3246,19940
2017-06-06 19:00:00,-35,3211,19910
2017-06-06 20:00:00,-15,3196,19945
2017-06-06 21:00:00,10,3206,19930
2017-06-07 00:00:00,30,3236,19940
2017-06-07 01:00:00,60,3296,19970
2017-06-07 02:00:00,40,3336,19910
2017-06-07 03:00:00,10,3346,19950
2017-06-07 04:00:00,17,3363,19940
2017-06-07 05:00:00,-39,3324,19957
2017-06-07 06:00:00,9,3333,19996
2017-06-07 07:00:00,-37,3296,19987
2017-06-07 08:00:00,10,3306,19950
2017-06-07 09:00:00,-10,3296,19940
2017-06-07 10:00:00,-10,3286,19930
2017-06-07 11:00:00,-30,3256,19940
2017-06-07 12:00:00,0,3256,19970
2017-06-07 13:00:00,2,3258,19970
2017-06-07 14:00:00,12,3270,19968
2017-06-07 15:00:00,30,3300,19980
2017-06-07 16:00:00,10,3310,19950
2017-06-07 17:00:00,0,3310,19960
2017-06-07 18:00:00,-30,3280,19940
2017-06-07 19:00:00,-30,3250,19970
2017-06-07 20:00:00,-10,3240,20000
2017-06-07 21:00:00,0,3240,20010
2017-06-08 00:00:00,-40,3200,20010
2017-06-08 01:00:00,30,3230,20050
2017-06-08 02:00:00,-34,3196,20020
2017-06-08 03:00:00,11,3207,19986
2017-06-08 04:00:00,21,3228,19975
2017-06-08 05:00:00,4,3232,19996
2017-06-08 06:00:00,80,3312,20000
2017-06-08 07:00:00,-50,3262,19920
2017-06-08 08:00:00,20,3282,19970
2017-06-08 09:00:00,0,3282,19950
2017-06-08 10:00:00,-40,3242,19950
2017-06-08 11:00:00,20,3262,19990
2017-06-08 12:00:00,20,3282,20010
2017-06-08 13:00:00,10,3292,19990
2017-06-08 14:00:00,-20,3272,19980
2017-06-08 15:00:00,10,3282,20000
2017-06-08 16:00:00,0,3282,19990
2017-06-08 17:00:00,0,3282,19990
2017-06-08 18:00:00,10,3292,20010
2017-06-08 19:00:00,-20,3272,20000
2017-06-08 20:00:00,-30,3242,19980
2017-06-08 21:00:00,0,3242,20010
2017-06-09 00:00:00,-60,3182,20010
2017-06-09 01:00:00,-40,3142,19950
2017-06-09 02:00:00,140,3282,19910
2017-06-09 03:00:00,-20,3262,20050
2017-06-09 04:00:00,-10,3252,20030
2017-06-09 05:00:00,-50,3202,20020
2017-06-09 06:00:00,10,3212,19970
2017-06-09 07:00:00,-30,3182,19980
2017-06-09 08:00:00,10,3192,19950
2017-06-09 09:00:00,-30,3162,19960
2017-06-09 10:00:00,-10,3152,19990
2017-06-09 11:00:00,20,3172,20000
2017-06-09 12:00:00,0,3172,19980
2017-06-09 13:00:00,-10,3162,19980
2017-06-09 14:00:00,-40,3122,19990
2017-06-09 15:00:00,-20,3102,20030
2017-06-09 16:00:00,10,3112,20050
2017-06-09 17:00:00,30,3142,20060
2017-06-09 18:00:00,80,3222,20030
2017-06-09 19:00:00,120,3342,19950
2017-06-09 20:00:00,-70,3272,19830
2017-06-09 21:00:00,0,3272,19900
2017-06-12 00:00:00,20,3292,19900
2017-06-12 01:00:00,60,3352,19880
2017-06-12 02:00:00,-60,3292,19820
2017-06-12 03:00:00,10,3302,19880
2017-06-12 04:00:00,-20,3282,19870
2017-06-12 05:00:00,30,3312,19890
2017-06-12 06:00:00,20,3332,19860
2017-06-12 07:00:00,-20,3312,19880
2017-06-12 08:00:00,10,3322,19860
2017-06-12 09:00:00,-50,3272,19850
2017-06-12 10:00:00,10,3282,19800
2017-06-12 11:00:00,30,3312,19790
2017-06-12 12:00:00,20,3332,19820
2017-06-12 13:00:00,10,3342,19800
2017-06-12 14:00:00,-40,3302,19810
2017-06-12 15:00:00,20,3322,19770
2017-06-12 16:00:00,10,3332,19790
2017-06-12 17:00:00,-20,3312,19780
2017-06-12 18:00:00,0,3312,19760
2017-06-12 19:00:00,-30,3282,19760
2017-06-12 20:00:00,-10,3272,19790
2017-06-12 21:00:00,-20,3252,19800
2017-06-13 00:00:00,0,3252,19820
2017-06-13 01:00:00,30,3282,19820
2017-06-13 02:00:00,10,3292,19850
2017-06-13 03:00:00,0,3292,19860
2017-06-13 04:00:00,10,3302,19860
2017-06-13 05:00:00,0,3302,19870
2017-06-13 06:00:00,0,3302,19870
2017-06-13 07:00:00,0,3302,19870
2017-06-13 08:00:00,-10,3292,19890
2017-06-13 09:00:00,20,3312,19900
2017-06-13 10:00:00,-10,3302,19880
2017-06-13 11:00:00,10,3312,19890
2017-06-13 12:00:00,0,3312,19880
2017-06-13 13:00:00,0,3312,19880
2017-06-13 14:00:00,-10,3302,19900
2017-06-13 15:00:00,30,3332,19910
2017-06-13 16:00:00,-30,3302,19880
2017-06-13 17:00:00,0,3302,19910
2017-06-13 18:00:00,10,3312,19910
2017-06-13 19:00:00,0,3312,19900
2017-06-13 20:00:00,-10,3302,19900
2017-06-13 21:00:00,-10,3292,19910
2017-06-14 00:00:00,-20,3272,19920
2017-06-14 01:00:00,0,3272,19940
2017-06-14 02:00:00,-10,3262,19940
2017-06-14 03:00:00,50,3312,19930
2017-06-14 04:00:00,10,3322,19880
2017-06-14 05:00:00,-10,3312,19890
2017-06-14 06:00:00,50,3362,19900
2017-06-14 07:00:00,-30,3332,19850
2017-06-14 08:00:00,-20,3312,19880
2017-06-14 09:00:00,0,3312,19900
2017-06-14 10:00:00,-20,3292,19900
2017-06-14 11:00:00,0,3292,19920
2017-06-14 12:00:00,-20,3272,19920
2017-06-14 13:00:00,100,3372,19940
2017-06-14 14:00:00,0,3372,19840
2017-06-14 15:00:00,-110,3262,19840
2017-06-14 16:00:00,40,3302,19730
2017-06-14 17:00:00,-10,3292,19770
2017-06-14 18:00:00,-10,3282,19780
2017-06-14 19:00:00,-30,3252,19790
2017-06-14 20:00:00,-40,3212,19820
2017-06-14 21:00:00,20,3232,19860
2017-06-15 00:00:00,40,3272,19840
2017-06-15 01:00:00,-90,3182,19800
2017-06-15 02:00:00,130,3312,19890
2017-06-15 03:00:00,0,3312,19760
2017-06-15 04:00:00,-10,3302,19760
2017-06-15 05:00:00,0,3302,19770
2017-06-15 06:00:00,-30,3272,19770
2017-06-15 07:00:00,-10,3262,19800
2017-06-15 08:00:00,60,3322,19810
2017-06-15 09:00:00,20,3342,19750
2017-06-15 10:00:00,0,3342,19730
2017-06-15 11:00:00,20,3362,19730
2017-06-15 12:00:00,-30,3332,19710
2017-06-15 13:00:00,-10,3322,19740
2017-06-15 14:00:00,-20,3302,19750
2017-06-15 15:00:00,-10,3292,19770
2017-06-15 16:00:00,-10,3282,19780
2017-06-15 17:00:00,-30,3252,19790
2017-06-15 18:00:00,-40,3212,19820
2017-06-15 19:00:00,0,3212,19860
2017-06-15 20:00:00,-20,3192,19860
2017-06-15 21:00:00,-10,3182,19880
2017-06-16 00:00:00,-10,3172,19890
2017-06-16 01:00:00,20,3192,19900
2017-06-16 02:00:00,40,3232,19880
2017-06-16 03:00:00,-10,3222,19920
2017-06-16 04:00:00,30,3252,19910
2017-06-16 05:00:00,10,3262,19940
2017-06-16 06:00:00,-50,3212,19950
2017-06-16 07:00:00,40,3252,19900
2017-06-16 08:00:00,0,3252,19940
2017-06-16 09:00:00,0,3252,19940
2017-06-16 10:00:00,20,3272,19960
2017-06-16 11:00:00,10,3282,19940
2017-06-16 12:00:00,0,3282,19950
2017-06-16 13:00:00,30,3312,19950
2017-06-16 14:00:00,-10,3302,19920
2017-06-16 15:00:00,40,3342,19910
2017-06-16 16:00:00,40,3382,19870
2017-06-16 17:00:00,0,3382,19910
2017-06-16 18:00:00,0,3382,19910
2017-06-16 19:00:00,0,3382,19910
2017-06-16 20:00:00,0,3382,19910
2017-06-16 21:00:00,0,3382,19940
2017-06-19 00:00:00,10,3392,19920
2017-06-19 01:00:00,110,3502,19930
2017-06-19 02:00:00,30,3532,20040
2017-06-19 03:00:00,10,3542,20010
2017-06-19 04:00:00,10,3552,20020
2017-06-19 05:00:00,20,3572,20030
2017-06-19 06:00:00,-30,3542,20010
2017-06-19 07:00:00,10,3552,20040
2017-06-19 08:00:00,-30,3522,20030
2017-06-19 09:00:00,0,3522,20060
2017-06-19 10:00:00,0,3522,20060
2017-06-19 11:00:00,0,3522,20040
2017-06-19 12:00:00,-10,3512,20040
2017-06-19 13:00:00,-10,3502,20050
2017-06-19 14:00:00,-30,3472,20060
2017-06-19 15:00:00,0,3472,20090
2017-06-19 16:00:00,0,3472,20090
2017-06-19 17:00:00,0,3472,20100
2017-06-19 18:00:00,0,3472,20100
2017-06-19 19:00:00,0,3472,20120
2017-06-19 20:00:00,0,3472,20120
2017-06-19 21:00:00,10,3482,20140
2017-06-20 00:00:00,0,3482,20130
2017-06-20 01:00:00,40,3522,20200
2017-06-20 02:00:00,-10,3512,20240
2017-06-20 03:00:00,-10,3502,20250
2017-06-20 04:00:00,-10,3492,20260
2017-06-20 05:00:00,20,3512,20270
2017-06-20 06:00:00,0,3512,20250
2017-06-20 07:00:00,0,3512,20200
2017-06-20 08:00:00,0,3512,20200
2017-06-20 09:00:00,30,3542,20230
2017-06-20 10:00:00,0,3542,20200
2017-06-20 11:00:00,0,3542,20200
2017-06-20 12:00:00,10,3552,20190
2017-06-20 13:00:00,-20,3532,20200
2017-06-20 14:00:00,30,3562,20180
2017-06-20 15:00:00,10,3572,20210
2017-06-20 16:00:00,-50,3522,20220
2017-06-20 17:00:00,-10,3512,20170
2017-06-20 18:00:00,-10,3502,20160
2017-06-20 19:00:00,10,3512,20150
2017-06-20 20:00:00,0,3512,20160
2017-06-20 21:00:00,-20,3492,20160
2017-06-21 00:00:00,10,3502,20140
2017-06-21 01:00:00,10,3512,20150
2017-06-21 02:00:00,-10,3502,20160
2017-06-21 03:00:00,-30,3472,20150
2017-06-21 04:00:00,-10,3462,20120
2017-06-21 05:00:00,0,3462,20110
2017-06-21 06:00:00,-10,3452,20110
2017-06-21 07:00:00,10,3462,20100
2017-06-21 08:00:00,-50,3412,20110
2017-06-21 09:00:00,20,3432,20060
2017-06-21 10:00:00,-20,3412,20080
2017-06-21 11:00:00,30,3442,20060
2017-06-21 12:00:00,10,3452,20090
2017-06-21 13:00:00,30,3482,20100
2017-06-21 14:00:00,0,3482,20130
2017-06-21 15:00:00,0,3482,20130
2017-06-21 16:00:00,-10,3472,20130
2017-06-21 17:00:00,-30,3442,20120
2017-06-21 18:00:00,0,3442,20090
2017-06-21 19:00:00,10,3452,20090
2017-06-21 20:00:00,0,3452,20100
2017-06-21 21:00:00,0,3452,20090
2017-06-22 00:00:00,0,3452,20110
2017-06-22 01:00:00,-40,3412,20110
2017-06-22 02:00:00,-40,3372,20070
2017-06-22 03:00:00,0,3372,20110
2017-06-22 04:00:00,0,3372,20090
2017-06-22 05:00:00,-30,3342,20130
2017-06-22 06:00:00,-20,3322,20100
2017-06-22 07:00:00,-10,3312,20080
2017-06-22 08:00:00,-20,3292,20070
2017-06-22 09:00:00,10,3302,20050
2017-06-22 10:00:00,20,3322,20060
2017-06-22 11:00:00,10,3332,20080
2017-06-22 12:00:00,10,3342,20090
2017-06-22 13:00:00,-20,3322,20100
2017-06-22 14:00:00,0,3322,20080
2017-06-22 15:00:00,30,3352,20080
2017-06-22 16:00:00,0,3352,20110
2017-06-22 17:00:00,0,3352,20110
2017-06-22 18:00:00,20,3372,20110
2017-06-22 19:00:00,-20,3352,20130
2017-06-22 20:00:00,-20,3332,20110
2017-06-22 21:00:00,30,3362,20090
2017-06-23 00:00:00,-10,3352,20120
2017-06-23 01:00:00,-30,3322,20110
2017-06-23 02:00:00,-10,3312,20080
2017-06-23 03:00:00,30,3342,20070
2017-06-23 04:00:00,0,3342,20100
2017-06-23 05:00:00,-10,3332,20100
2017-06-23 06:00:00,10,3342,20090
2017-06-23 07:00:00,-20,3322,20100
2017-06-23 08:00:00,10,3332,20080
2017-06-23 09:00:00,0,3332,20090
2017-06-23 10:00:00,-20,3312,20090
2017-06-23 11:00:00,10,3322,20070
2017-06-23 12:00:00,-10,3312,20080
2017-06-23 13:00:00,10,3322,20070
2017-06-23 14:00:00,0,3322,20080
2017-06-23 15:00:00,0,3322,20080
2017-06-23 16:00:00,-10,3312,20090
2017-06-23 17:00:00,10,3322,20080
2017-06-23 18:00:00,10,3332,20090
2017-06-23 19:00:00,-10,3322,20100
2017-06-23 20:00:00,10,3332,20090
2017-06-23 21:00:00,-10,3322,20100
2017-06-26 00:00:00,0,3322,20090
2017-06-26 01:00:00,-30,3292,20090
2017-06-26 02:00:00,10,3302,20120
2017-06-26 03:00:00,10,3312,20110
2017-06-26 04:00:00,-10,3302,20120
2017-06-26 05:00:00,10,3312,20130
2017-06-26 06:00:00,0,3312,20120
2017-06-26 07:00:00,0,3312,20120
2017-06-26 08:00:00,30,3342,20120
2017-06-26 09:00:00,-30,3312,20150
2017-06-26 10:00:00,0,3312,20180
2017-06-26 11:00:00,0,3312,20180
2017-06-26 12:00:00,10,3322,20180
2017-06-26 13:00:00,-10,3312,20190
2017-06-26 14:00:00,-20,3292,20180
2017-06-26 15:00:00,0,3292,20200
2017-06-26 16:00:00,10,3302,20150
2017-06-26 17:00:00,0,3302,20160
2017-06-26 18:00:00,10,3312,20160
2017-06-26 19:00:00,-10,3302,20170
2017-06-26 20:00:00,0,3302,20180
2017-06-26 21:00:00,0,3302,20180
2017-06-27 00:00:00,-20,3282,20180
2017-06-27 01:00:00,-30,3252,20200
2017-06-27 02:00:00,-20,3232,20170
2017-06-27 03:00:00,-10,3222,20190
2017-06-27 04:00:00,0,3222,20180
2017-06-27 05:00:00,0,3222,20180
2017-06-27 06:00:00,0,3222,20190
2017-06-27 07:00:00,0,3222,20190
2017-06-27 08:00:00,-20,3202,20150
2017-06-27 09:00:00,0,3202,20130
2017-06-27 10:00:00,-10,3192,20130
2017-06-27 11:00:00,10,3202,20140
2017-06-27 12:00:00,10,3212,20150
2017-06-27 13:00:00,10,3222,20160
2017-06-27 14:00:00,-10,3212,20170
2017-06-27 15:00:00,20,3232,20160
2017-06-27 16:00:00,0,3232,20180
2017-06-27 17:00:00,30,3262,20200
2017-06-27 18:00:00,-10,3252,20170
2017-06-27 19:00:00,0,3252,20160
2017-06-27 20:00:00,10,3262,20160
2017-06-27 21:00:00,0,3262,20150
2017-06-28 00:00:00,10,3272,20150
2017-06-28 01:00:00,-40,3232,20140
2017-06-28 02:00:00,-10,3222,20180
2017-06-28 03:00:00,60,3282,20190
2017-06-28 04:00:00,30,3312,20130
2017-06-28 05:00:00,10,3322,20160
2017-06-28 06:00:00,20,3342,20150
2017-06-28 07:00:00,-10,3332,20130
2017-06-28 08:00:00,-30,3302,20140
2017-06-28 09:00:00,30,3332,20110
2017-06-28 10:00:00,-30,3302,20080
2017-06-28 11:00:00,-10,3292,20110
2017-06-28 12:00:00,-10,3282,20100
2017-06-28 13:00:00,-20,3262,20110
2017-06-28 14:00:00,10,3272,20090
2017-06-28 15:00:00,50,3322,20080
2017-06-28 16:00:00,50,3372,20130
2017-06-28 17:00:00,-20,3352,20180
2017-06-28 18:00:00,0,3352,20200
2017-06-28 19:00:00,0,3352,20200
2017-06-28 20:00:00,-10,3342,20200
2017-06-28 21:00:00,-10,3332,20210
2017-06-29 00:00:00,-40,3292,20220
2017-06-29 01:00:00,50,3342,20260
2017-06-29 02:00:00,-20,3322,20210
2017-06-29 03:00:00,0,3322,20230
2017-06-29 04:00:00,-10,3312,20230
2017-06-29 05:00:00,20,3332,20220
2017-06-29 06:00:00,-10,3322,20200
2017-06-29 07:00:00,0,3322,20210
2017-06-29 08:00:00,-10,3312,20210
2017-06-29 09:00:00,-10,3302,20220
2017-06-29 10:00:00,10,3312,20230
2017-06-29 11:00:00,0,3312,20220
2017-06-29 12:00:00,-30,3282,20220
2017-06-29 13:00:00,10,3292,20250
2017-06-29 14:00:00,60,3352,20240
2017-06-29 15:00:00,50,3402,20180
2017-06-29 16:00:00,100,3502,20130
2017-06-29 17:00:00,100,3602,20030
2017-06-29 18:00:00,10,3612,19930
2017-06-29 19:00:00,-40,3572,19920
2017-06-29 20:00:00,-10,3562,19960
2017-06-29 21:00:00,-10,3552,19970
2017-06-30 00:00:00,-40,3512,19980
2017-06-30 01:00:00,50,3562,20020
2017-06-30 02:00:00,-40,3522,19970
2017-06-30 03:00:00,30,3552,20010
2017-06-30 04:00:00,20,3572,19980
2017-06-30 05:00:00,0,3572,19960
2017-06-30 06:00:00,-60,3512,19960
2017-06-30 07:00:00,30,3542,20020
2017-06-30 08:00:00,0,3542,19990
2017-06-30 09:00:00,-10,3532,19990
2017-06-30 10:00:00,0,3532,20000
2017-06-30 11:00:00,-30,3502,20030
2017-06-30 12:00:00,0,3502,20060
2017-06-30 13:00:00,10,3512,20050
2017-06-30 14:00:00,0,3512,20040
2017-06-30 15:00:00,0,3512,20040
2017-06-30 16:00:00,0,3512,20030
2017-06-30 17:00:00,0,3512,20030
2017-06-30 18:00:00,10,3522,20030
2017-06-30 19:00:00,20,3542,20040
2017-06-30 20:00:00,20,3562,20060
2017-06-30 21:00:00,0,3562,20080
2017-07-03 00:00:00,-40,3522,20080
2017-07-03 01:00:00,-10,3512,20040
2017-07-03 02:00:00,-10,3502,20050
2017-07-03 03:00:00,0,3502,20060
2017-07-03 04:00:00,10,3512,20060
2017-07-03 05:00:00,0,3512,20070
2017-07-03 06:00:00,40,3552,20070
2017-07-03 07:00:00,-40,3512,20030
2017-07-03 08:00:00,40,3552,20070
2017-07-03 09:00:00,-10,3542,20110
2017-07-03 10:00:00,10,3552,20120
2017-07-03 11:00:00,-20,3532,20110
2017-07-03 12:00:00,0,3532,20130
2017-07-03 13:00:00,0,3532,20130
2017-07-03 14:00:00,10,3542,20130
2017-07-03 15:00:00,0,3542,20140
2017-07-03 16:00:00,0,3542,20180
2017-07-03 17:00:00,-30,3512,20180
2017-07-03 18:00:00,0,3512,20150
2017-07-03 19:00:00,0,3512,20150
2017-07-03 20:00:00,0,3512,20150
2017-07-03 21:00:00,0,3512,20150
2017-07-04 00:00:00,0,3512,20190
2017-07-04 01:00:00,-70,3442,20180
2017-07-04 02:00:00,20,3462,20110
2017-07-04 03:00:00,0,3462,20130
2017-07-04 04:00:00,50,3512,20130
2017-07-04 05:00:00,50,3562,20080
2017-07-04 06:00:00,0,3562,20030
2017-07-04 07:00:00,-10,3552,20020
2017-07-04 08:00:00,30,3582,20010
2017-07-04 09:00:00,0,3582,20040
2017-07-04 10:00:00,0,3582,20040
2017-07-04 11:00:00,10,3592,20060
2017-07-04 12:00:00,-10,3582,20050
2017-07-04 13:00:00,0,3582,20060
2017-07-04 14:00:00,-20,3562,20050
2017-07-04 15:00:00,20,3582,20070
2017-07-04 16:00:00,10,3592,20050
2017-07-04 17:00:00,-10,3582,20040
2017-07-04 18:00:00,-10,3572,20050
2017-07-04 19:00:00,10,3582,20060
2017-07-04 20:00:00,10,3592,20050
2017-07-04 21:00:00,-10,3582,20040
2017-07-05 00:00:00,-40,3542,20050
2017-07-05 01:00:00,60,3602,20010
2017-07-05 02:00:00,-50,3552,19950
2017-07-05 03:00:00,30,3582,19900
2017-07-05 04:00:00,-60,3522,19930
2017-07-05 05:00:00,-40,3482,19990
2017-07-05 06:00:00,-30,3452,20030
2017-07-05 07:00:00,-10,3442,20060
2017-07-05 08:00:00,-40,3402,20070
2017-07-05 09:00:00,10,3412,20110
2017-07-05 10:00:00,-10,3402,20100
2017-07-05 11:00:00,0,3402,20110
2017-07-05 12:00:00,20,3422,20110
2017-07-05 13:00:00,-10,3412,20090
2017-07-05 14:00:00,50,3462,20100
2017-07-05 15:00:00,10,3472,20050
2017-07-05 16:00:00,-10,3462,20040
2017-07-05 17:00:00,-10,3452,20030
2017-07-05 18:00:00,-20,3432,20040
2017-07-05 19:00:00,-10,3422,20060
2017-07-05 20:00:00,0,3422,20070
2017-07-05 21:00:00,0,3422,20070
2017-07-06 00:00:00,-20,3402,20070
2017-07-06 01:00:00,-60,3342,20050
2017-07-06 02:00:00,10,3352,19990
2017-07-06 03:00:00,-20,3332,20000
2017-07-06 04:00:00,40,3372,19980
2017-07-06 05:00:00,-20,3352,19940
2017-07-06 06:00:00,-30,3322,19960
2017-07-06 07:00:00,20,3342,19990
2017-07-06 08:00:00,0,3342,19970
2017-07-06 09:00:00,10,3352,19960
2017-07-06 10:00:00,-20,3332,19970
2017-07-06 11:00:00,-10,3322,19950
2017-07-06 12:00:00,-20,3302,19940
2017-07-06 13:00:00,10,3312,19920
2017-07-06 14:00:00,-20,3292,19910
2017-07-06 15:00:00,0,3292,19890
2017-07-06 16:00:00,0,3292,19890
2017-07-06 17:00:00,-10,3282,19910
2017-07-06 18:00:00,-10,3272,19920
2017-07-06 19:00:00,-20,3252,19910
2017-07-06 20:00:00,-10,3242,19890
2017-07-06 21:00:00,-30,3212,19900
2017-07-07 02:00:00,80,3292,19870
2017-07-07 03:00:00,-20,3272,19950
2017-07-07 04:00:00,-10,3262,19930
2017-07-07 05:00:00,-40,3222,19920
2017-07-07 06:00:00,30,3252,19880
2017-07-07 07:00:00,40,3292,19910
2017-07-07 08:00:00,0,3292,19950
2017-07-07 09:00:00,0,3292,19930
2017-07-07 10:00:00,0,3292,19930
2017-07-07 11:00:00,0,3292,19930
2017-07-07 12:00:00,0,3292,19940
2017-07-07 13:00:00,-40,3252,19940
2017-07-07 14:00:00,10,3262,19980
2017-07-07 15:00:00,0,3262,19990
2017-07-07 16:00:00,-50,3212,19990
2017-07-07 17:00:00,0,3212,20040
2017-07-07 18:00:00,0,3212,20040
2017-07-07 19:00:00,0,3212,20040
2017-07-07 20:00:00,10,3222,20030
2017-07-07 21:00:00,-10,3212,20020
2017-07-10 00:00:00,30,3242,20030
2017-07-10 01:00:00,0,3242,20060
2017-07-10 02:00:00,10,3252,20030
2017-07-10 03:00:00,-20,3232,20040
2017-07-10 04:00:00,-30,3202,20060
2017-07-10 05:00:00,40,3242,20090
2017-07-10 06:00:00,20,3262,20050
2017-07-10 07:00:00,-30,3232,20070
2017-07-10 08:00:00,10,3242,20100
2017-07-10 09:00:00,-10,3232,20090
2017-07-10 10:00:00,0,3232,20100
2017-07-10 11:00:00,0,3232,20100
2017-07-10 12:00:00,30,3262,20110
2017-07-10 13:00:00,0,3262,20080
2017-07-10 14:00:00,0,3262,20080
2017-07-10 15:00:00,-30,3232,20070
2017-07-10 16:00:00,10,3242,20100
2017-07-10 17:00:00,0,3242,20090
2017-07-10 18:00:00,10,3252,20090
2017-07-10 19:00:00,0,3252,20080
2017-07-10 20:00:00,20,3272,20080
2017-07-10 21:00:00,10,3282,20060
2017-07-11 00:00:00,20,3302,20050
2017-07-11 01:00:00,30,3332,20070
2017-07-11 02:00:00,10,3342,20100
2017-07-11 03:00:00,-40,3302,20090
2017-07-11 04:00:00,-20,3282,20130
2017-07-11 05:00:00,-10,3272,20150
2017-07-11 06:00:00,-20,3252,20160
2017-07-11 07:00:00,0,3252,20180
2017-07-11 08:00:00,30,3282,20180
2017-07-11 09:00:00,0,3282,20150
2017-07-11 10:00:00,0,3282,20150
2017-07-11 11:00:00,0,3282,20150
2017-07-11 12:00:00,0,3282,20140
2017-07-11 13:00:00,0,3282,20140
2017-07-11 14:00:00,0,3282,20140
2017-07-11 15:00:00,20,3302,20140
2017-07-11 16:00:00,-30,3272,20160
2017-07-11 17:00:00,40,3312,20130
2017-07-11 18:00:00,0,3312,20090
2017-07-11 19:00:00,0,3312,20110
2017-07-11 20:00:00,0,3312,20110
2017-07-11 21:00:00,0,3312,20110
2017-07-12 00:00:00,0,3312,20110
2017-07-12 01:00:00,-20,3292,20110
2017-07-12 02:00:00,-20,3272,20090
2017-07-12 03:00:00,10,3282,20110
2017-07-12 04:00:00,40,3322,20100
2017-07-12 05:00:00,0,3322,20060
2017-07-12 06:00:00,0,3322,20070
2017-07-12 07:00:00,30,3352,20090
2017-07-12 08:00:00,30,3382,20060
2017-07-12 09:00:00,-10,3372,20090
2017-07-12 10:00:00,0,3372,20080
2017-07-12 11:00:00,0,3372,20080
2017-07-12 12:00:00,0,3372,20100
2017-07-12 13:00:00,0,3372,20100
2017-07-12 14:00:00,60,3432,20080
2017-07-12 15:00:00,-20,3412,20140
2017-07-12 16:00:00,20,3432,20120
2017-07-12 17:00:00,0,3432,20140
2017-07-12 18:00:00,0,3432,20140
2017-07-12 19:00:00,-10,3422,20160
2017-07-12 20:00:00,-20,3402,20150
2017-07-12 21:00:00,0,3402,20130
2017-07-13 00:00:00,0,3402,20130
2017-07-13 01:00:00,-50,3352,20150
2017-07-13 02:00:00,0,3352,20100
2017-07-13 03:00:00,-20,3332,20100
2017-07-13 04:00:00,-20,3312,20080
2017-07-13 05:00:00,40,3352,20060
2017-07-13 06:00:00,-10,3342,20100
2017-07-13 07:00:00,-10,3332,20090
2017-07-13 08:00:00,20,3352,20080
2017-07-13 09:00:00,10,3362,20100
2017-07-13 10:00:00,0,3362,20110
2017-07-13 11:00:00,-10,3352,20110
2017-07-13 12:00:00,0,3352,20100
2017-07-13 13:00:00,10,3362,20110
2017-07-13 14:00:00,0,3362,20120
2017-07-13 15:00:00,-10,3352,20120
2017-07-13 16:00:00,-10,3342,20110
2017-07-13 17:00:00,0,3342,20100
2017-07-13 18:00:00,0,3342,20100
2017-07-13 19:00:00,0,3342,20100
2017-07-13 20:00:00,-10,3332,20100
2017-07-13 21:00:00,-20,3312,20110
2017-07-14 00:00:00,10,3322,20130
2017-07-14 01:00:00,0,3322,20120
2017-07-14 02:00:00,10,3332,20120
2017-07-14 03:00:00,0,3332,20110
2017-07-14 04:00:00,0,3332,20110
2017-07-14 05:00:00,0,3332,20110
2017-07-14 06:00:00,0,3332,20110
2017-07-14 07:00:00,0,3332,20110
2017-07-14 08:00:00,0,3332,20110
2017-07-14 09:00:00,20,3352,20100
2017-07-14 10:00:00,10,3362,20080
2017-07-14 11:00:00,0,3362,20090
2017-07-14 12:00:00,-10,3352,20080
2017-07-14 13:00:00,-40,3312,20070
2017-07-14 14:00:00,0,3312,20030
2017-07-14 15:00:00,10,3322,20030
2017-07-14 16:00:00,0,3322,20040
2017-07-14 17:00:00,0,3322,20040
2017-07-14 18:00:00,10,3332,20040
2017-07-14 19:00:00,-20,3312,20030
2017-07-14 20:00:00,-30,3282,20010
2017-07-14 21:00:00,20,3302,20040
2017-07-18 00:00:00,0,3302,20020
2017-07-18 01:00:00,0,3302,20050
2017-07-18 02:00:00,-40,3262,20000
2017-07-18 03:00:00,10,3272,19960
2017-07-18 04:00:00,-20,3252,19950
2017-07-18 05:00:00,0,3252,19970
2017-07-18 06:00:00,10,3262,19970
2017-07-18 07:00:00,0,3262,19980
2017-07-18 08:00:00,0,3262,19980
2017-07-18 09:00:00,30,3292,19960
2017-07-18 10:00:00,0,3292,19990
2017-07-18 11:00:00,0,3292,19990
2017-07-18 12:00:00,0,3292,19960
2017-07-18 13:00:00,40,3332,19960
2017-07-18 14:00:00,0,3332,19920
2017-07-18 15:00:00,0,3332,19920
2017-07-18 16:00:00,20,3352,19920
2017-07-18 17:00:00,0,3352,19940
2017-07-18 18:00:00,-20,3332,19940
2017-07-18 19:00:00,10,3342,19960
2017-07-18 20:00:00,-20,3322,19950
2017-07-18 21:00:00,-10,3312,19970
2017-07-19 00:00:00,20,3332,19980
2017-07-19 01:00:00,20,3352,19960
2017-07-19 02:00:00,-10,3342,19980
2017-07-19 03:00:00,-10,3332,19990
2017-07-19 04:00:00,10,3342,20000
2017-07-19 05:00:00,20,3362,19990
2017-07-19 06:00:00,-30,3332,19970
2017-07-19 07:00:00,-10,3322,20000
2017-07-19 08:00:00,10,3332,20010
2017-07-19 09:00:00,10,3342,20000
2017-07-19 10:00:00,10,3352,19990
2017-07-19 11:00:00,0,3352,19980
2017-07-19 12:00:00,0,3352,19980
2017-07-19 13:00:00,-30,3322,19980
2017-07-19 14:00:00,-20,3302,19950
2017-07-19 15:00:00,0,3302,19970
2017-07-19 16:00:00,-20,3282,19970
2017-07-19 17:00:00,0,3282,19990
2017-07-19 18:00:00,10,3292,19980
2017-07-19 19:00:00,-20,3272,19990
2017-07-19 20:00:00,0,3272,20010
2017-07-19 21:00:00,-10,3262,20010
2017-07-20 00:00:00,-10,3252,20020
2017-07-20 01:00:00,10,3262,20030
2017-07-20 02:00:00,-60,3202,20020
2017-07-20 03:00:00,20,3222,20080
2017-07-20 04:00:00,-70,3152,20060
2017-07-20 05:00:00,10,3162,20130
2017-07-20 06:00:00,-10,3152,20120
2017-07-20 07:00:00,40,3192,20130
2017-07-20 08:00:00,-30,3162,20090
2017-07-20 09:00:00,0,3162,20120
2017-07-20 10:00:00,-10,3152,20120
2017-07-20 11:00:00,10,3162,20130
2017-07-20 12:00:00,10,3172,20120
2017-07-20 13:00:00,-10,3162,20110
2017-07-20 14:00:00,20,3182,20120
2017-07-20 15:00:00,30,3212,20100
2017-07-20 16:00:00,20,3232,20070
2017-07-20 17:00:00,0,3232,20050
2017-07-20 18:00:00,-40,3192,20050
2017-07-20 19:00:00,0,3192,20090
2017-07-20 20:00:00,0,3192,20090
2017-07-20 21:00:00,0,3192,20090
2017-07-21 00:00:00,0,3192,20060
2017-07-21 01:00:00,-10,3182,20080
2017-07-21 02:00:00,10,3192,20090
2017-07-21 03:00:00,-10,3182,20080
2017-07-21 04:00:00,20,3202,20070
2017-07-21 05:00:00,0,3202,20090
2017-07-21 06:00:00,10,3212,20090
2017-07-21 07:00:00,0,3212,20080
2017-07-21 08:00:00,10,3222,20080
2017-07-21 09:00:00,-10,3212,20070
2017-07-21 10:00:00,30,3242,20080
2017-07-21 11:00:00,-20,3222,20050
2017-07-21 12:00:00,0,3222,20030
2017-07-21 13:00:00,20,3242,20030
2017-07-21 14:00:00,50,3292,20010
2017-07-21 15:00:00,-10,3282,19960
2017-07-21 16:00:00,10,3292,19950
2017-07-21 17:00:00,10,3302,19960
2017-07-21 18:00:00,10,3312,19970
2017-07-21 19:00:00,10,3322,19960
2017-07-21 20:00:00,-10,3312,19970
2017-07-21 21:00:00,20,3332,19980
2017-07-24 00:00:00,-10,3322,19960
2017-07-24 01:00:00,40,3362,19950
2017-07-24 02:00:00,0,3362,19910
2017-07-24 03:00:00,10,3372,19910
2017-07-24 04:00:00,-20,3352,19920
2017-07-24 05:00:00,10,3362,19900
2017-07-24 06:00:00,50,3412,19910
2017-07-24 07:00:00,20,3432,19960
2017-07-24 08:00:00,50,3482,19940
2017-07-24 09:00:00,10,3492,19890
2017-07-24 10:00:00,10,3502,19880
2017-07-24 11:00:00,20,3522,19870
2017-07-24 12:00:00,10,3532,19890
2017-07-24 13:00:00,10,3542,19900
2017-07-24 14:00:00,0,3542,19910
2017-07-24 15:00:00,10,3552,19910
2017-07-24 16:00:00,20,3572,19900
2017-07-24 17:00:00,20,3592,19920
2017-07-24 18:00:00,0,3592,19940
2017-07-24 19:00:00,0,3592,19940
2017-07-24 20:00:00,-10,3582,19940
2017-07-24 21:00:00,0,3582,19950
2017-07-25 00:00:00,-10,3572,19960
2017-07-25 01:00:00,0,3572,19970
2017-07-25 02:00:00,0,3572,19970
2017-07-25 03:00:00,40,3612,19970
2017-07-25 04:00:00,0,3612,19930
2017-07-25 05:00:00,0,3612,19940
2017-07-25 06:00:00,0,3612,19940
2017-07-25 07:00:00,20,3632,19940
2017-07-25 08:00:00,-30,3602,19920
2017-07-25 09:00:00,0,3602,19950
2017-07-25 10:00:00,-20,3582,19960
2017-07-25 11:00:00,0,3582,19980
2017-07-25 12:00:00,-10,3572,19980
2017-07-25 13:00:00,-10,3562,19990
2017-07-25 14:00:00,10,3572,20000
2017-07-25 15:00:00,-20,3552,19990
2017-07-25 16:00:00,30,3582,20010
2017-07-25 17:00:00,40,3622,20040
2017-07-25 18:00:00,-20,3602,20080
2017-07-25 19:00:00,10,3612,20060
2017-07-25 20:00:00,-10,3602,20070
2017-07-25 21:00:00,-10,3592,20060
2017-07-26 00:00:00,40,3632,20050
2017-07-26 01:00:00,0,3632,20090
2017-07-26 02:00:00,-30,3602,20090
2017-07-26 03:00:00,-10,3592,20060
2017-07-26 04:00:00,-10,3582,20050
2017-07-26 05:00:00,0,3582,20040
2017-07-26 06:00:00,10,3592,20040
2017-07-26 07:00:00,-10,3582,20030
2017-07-26 08:00:00,-20,3562,20040
2017-07-26 09:00:00,10,3572,20060
2017-07-26 10:00:00,-10,3562,20050
2017-07-26 11:00:00,10,3572,20060
2017-07-26 12:00:00,0,3572,20050
2017-07-26 13:00:00,0,3572,20060
2017-07-26 14:00:00,10,3582,20060
2017-07-26 15:00:00,10,3592,20070
2017-07-26 16:00:00,-20,3572,20060
2017-07-26 17:00:00,0,3572,20080
2017-07-26 18:00:00,-10,3562,20080
2017-07-26 19:00:00,50,3612,20070
2017-07-26 20:00:00,10,3622,20020
2017-07-26 21:00:00,-10,3612,20010
2017-07-27 00:00:00,10,3622,20020
2017-07-27 01:00:00,-30,3592,20010
2017-07-27 02:00:00,-30,3562,20040
2017-07-27 03:00:00,20,3582,20070
2017-07-27 04:00:00,-10,3572,20050
2017-07-27 05:00:00,-60,3512,20060
2017-07-27 06:00:00,60,3572,20120
2017-07-27 07:00:00,10,3582,20060
2017-07-27 08:00:00,-30,3552,20050
2017-07-27 09:00:00,20,3572,20080
2017-07-27 10:00:00,-20,3552,20060
2017-07-27 11:00:00,-20,3532,20080
2017-07-27 12:00:00,10,3542,20100
2017-07-27 13:00:00,-10,3532,20090
2017-07-27 14:00:00,30,3562,20100
2017-07-27 15:00:00,-30,3532,20070
2017-07-27 16:00:00,-10,3522,20100
2017-07-27 17:00:00,40,3562,20110
2017-07-27 18:00:00,-80,3482,20070
2017-07-27 19:00:00,0,3482,19990
2017-07-27 20:00:00,30,3512,19990
2017-07-27 21:00:00,10,3522,20020
2017-07-28 00:00:00,20,3542,20030
2017-07-28 01:00:00,-40,3502,20010
2017-07-28 02:00:00,10,3512,19970
2017-07-28 03:00:00,-10,3502,19980
2017-07-28 04:00:00,-20,3482,19970
2017-07-28 05:00:00,-20,3462,19950
2017-07-28 06:00:00,10,3472,19930
2017-07-28 07:00:00,10,3482,19940
2017-07-28 08:00:00,10,3492,19950
2017-07-28 09:00:00,0,3492,19960
2017-07-28 10:00:00,0,3492,19960
2017-07-28 11:00:00,-10,3482,19960
2017-07-28 12:00:00,10,3492,19950
2017-07-28 13:00:00,10,3502,19960
2017-07-28 14:00:00,-20,3482,19970
2017-07-28 15:00:00,0,3482,19950
2017-07-28 16:00:00,0,3482,19950
2017-07-28 17:00:00,0,3482,19950
2017-07-28 18:00:00,0,3482,19950
2017-07-28 19:00:00,-10,3472,19950
2017-07-28 20:00:00,10,3482,19940
2017-07-28 21:00:00,20,3502,19950
2017-07-31 00:00:00,40,3542,19970
2017-07-31 01:00:00,10,3552,19930
2017-07-31 02:00:00,20,3572,19940
2017-07-31 03:00:00,-10,3562,19920
2017-07-31 04:00:00,-20,3542,19910
2017-07-31 05:00:00,-10,3532,19930
2017-07-31 06:00:00,20,3552,19940
2017-07-31 07:00:00,-20,3532,19920
2017-07-31 08:00:00,-10,3522,19940
2017-07-31 09:00:00,-10,3512,19950
2017-07-31 10:00:00,-10,3502,19940
2017-07-31 11:00:00,0,3502,19950
2017-07-31 12:00:00,0,3502,19950
2017-07-31 13:00:00,0,3502,19950
2017-07-31 14:00:00,0,3502,19950
2017-07-31 15:00:00,0,3502,19950
2017-07-31 16:00:00,0,3502,19930
2017-07-31 17:00:00,0,3502,19930
2017-07-31 18:00:00,0,3502,19940
2017-07-31 19:00:00,20,3522,19940
2017-07-31 20:00:00,10,3532,19920
2017-07-31 21:00:00,0,3532,19910
2017-08-01 00:00:00,10,3542,19910
