timeStamp,pl,accPL,lastPrice
2016-08-10 10:00:00,30,30,16740
2016-08-10 11:00:00,0,30,16710
2016-08-10 12:00:00,0,30,16710
2016-08-10 13:00:00,20,50,16710
2016-08-10 14:00:00,0,50,16690
2016-08-10 15:00:00,-10,40,16690
2016-08-10 16:00:00,20,60,16700
2016-08-10 17:00:00,10,70,16680
2016-08-10 18:00:00,0,70,16670
2016-08-10 19:00:00,0,70,16670
2016-08-10 20:00:00,20,90,16670
2016-08-10 21:00:00,0,90,16650
2016-08-12 00:00:00,-160,-70,16650
2016-08-12 01:00:00,-50,-120,16810
2016-08-12 02:00:00,10,-110,16860
2016-08-12 03:00:00,10,-100,16850
2016-08-12 04:00:00,-40,-140,16840
2016-08-12 05:00:00,-20,-160,16880
2016-08-12 06:00:00,0,-160,16900
2016-08-12 07:00:00,-20,-180,16900
2016-08-12 08:00:00,30,-150,16920
2016-08-12 09:00:00,20,-130,16890
2016-08-12 10:00:00,-20,-150,16870
2016-08-12 11:00:00,0,-150,16890
2016-08-12 12:00:00,0,-150,16890
2016-08-12 13:00:00,-100,-250,16890
2016-08-12 14:00:00,0,-250,16790
2016-08-12 15:00:00,0,-250,16790
2016-08-12 16:00:00,10,-240,16790
2016-08-12 17:00:00,-10,-250,16780
2016-08-12 18:00:00,0,-250,16790
2016-08-12 19:00:00,20,-230,16790
2016-08-12 20:00:00,10,-220,16810
2016-08-12 21:00:00,-20,-240,16800
2016-08-15 00:00:00,-30,-270,16820
2016-08-15 01:00:00,-30,-300,16850
2016-08-15 02:00:00,-30,-330,16880
2016-08-15 03:00:00,10,-320,16910
2016-08-15 04:00:00,-70,-390,16920
2016-08-15 05:00:00,-20,-410,16850
2016-08-15 06:00:00,-30,-440,16870
2016-08-15 07:00:00,-30,-470,16840
2016-08-15 08:00:00,0,-470,16870
2016-08-15 09:00:00,20,-450,16860
2016-08-15 10:00:00,0,-450,16840
2016-08-15 11:00:00,10,-440,16840
2016-08-15 12:00:00,0,-440,16850
2016-08-15 13:00:00,0,-440,16850
2016-08-15 14:00:00,0,-440,16860
2016-08-15 15:00:00,10,-430,16860
2016-08-15 16:00:00,0,-430,16870
2016-08-15 17:00:00,-10,-440,16880
2016-08-15 18:00:00,10,-430,16890
2016-08-15 19:00:00,0,-430,16880
2016-08-15 20:00:00,0,-430,16880
2016-08-15 21:00:00,10,-420,16880
2016-08-16 00:00:00,-10,-430,16870
2016-08-16 01:00:00,50,-380,16880
2016-08-16 02:00:00,30,-350,16830
2016-08-16 03:00:00,-90,-440,16800
2016-08-16 04:00:00,-40,-480,16710
2016-08-16 05:00:00,-40,-520,16670
2016-08-16 06:00:00,0,-520,16710
2016-08-16 07:00:00,-10,-530,16590
2016-08-16 08:00:00,20,-510,16600
2016-08-16 09:00:00,10,-500,16580
2016-08-16 10:00:00,-10,-510,16570
2016-08-16 11:00:00,10,-500,16580
2016-08-16 12:00:00,20,-480,16570
2016-08-16 13:00:00,10,-470,16550
2016-08-16 14:00:00,-50,-520,16540
2016-08-16 15:00:00,0,-520,16590
2016-08-16 16:00:00,0,-520,16590
2016-08-16 17:00:00,0,-520,16590
2016-08-16 18:00:00,40,-480,16590
2016-08-16 19:00:00,-10,-490,16550
2016-08-16 20:00:00,-10,-500,16560
2016-08-16 21:00:00,-30,-530,16550
2016-08-17 00:00:00,10,-520,16580
2016-08-17 01:00:00,-70,-590,16590
2016-08-17 02:00:00,-20,-610,16660
2016-08-17 03:00:00,20,-590,16680
2016-08-17 04:00:00,-20,-610,16660
2016-08-17 05:00:00,-10,-620,16680
2016-08-17 06:00:00,40,-580,16690
2016-08-17 07:00:00,20,-560,16730
2016-08-17 08:00:00,-90,-650,16750
2016-08-17 09:00:00,0,-650,16660
2016-08-17 10:00:00,-20,-670,16660
2016-08-17 11:00:00,-20,-690,16680
2016-08-17 12:00:00,-10,-700,16660
2016-08-17 13:00:00,-10,-710,16650
2016-08-17 14:00:00,70,-640,16660
2016-08-17 15:00:00,-20,-660,16590
2016-08-17 16:00:00,10,-650,16570
2016-08-17 17:00:00,-40,-690,16560
2016-08-17 18:00:00,-10,-700,16600
2016-08-17 19:00:00,20,-680,16610
2016-08-17 20:00:00,10,-670,16630
2016-08-17 21:00:00,30,-640,16640
2016-08-18 00:00:00,-60,-700,16670
2016-08-18 01:00:00,-50,-750,16610
2016-08-18 02:00:00,10,-740,16660
2016-08-18 03:00:00,-60,-800,16650
2016-08-18 04:00:00,-120,-920,16710
2016-08-18 05:00:00,-10,-930,16590
2016-08-18 06:00:00,100,-830,16580
2016-08-18 07:00:00,-20,-850,16480
2016-08-18 08:00:00,20,-830,16500
2016-08-18 09:00:00,0,-830,16520
2016-08-18 10:00:00,-30,-860,16520
2016-08-18 11:00:00,10,-850,16550
2016-08-18 12:00:00,20,-830,16540
2016-08-18 13:00:00,-20,-850,16520
2016-08-18 14:00:00,10,-840,16540
2016-08-18 15:00:00,-10,-850,16530
2016-08-18 16:00:00,30,-820,16540
2016-08-18 17:00:00,20,-800,16510
2016-08-18 18:00:00,-10,-810,16490
2016-08-18 19:00:00,-10,-820,16500
2016-08-18 20:00:00,20,-800,16510
2016-08-18 21:00:00,20,-780,16530
2016-08-19 00:00:00,10,-770,16550
2016-08-19 01:00:00,10,-760,16560
2016-08-19 02:00:00,50,-710,16550
2016-08-19 03:00:00,-20,-730,16500
2016-08-19 04:00:00,-60,-790,16480
2016-08-19 05:00:00,-10,-800,16540
2016-08-19 06:00:00,-30,-830,16550
2016-08-19 07:00:00,0,-830,16520
2016-08-19 08:00:00,50,-780,16520
2016-08-19 09:00:00,-10,-790,16470
2016-08-19 10:00:00,-10,-800,16460
2016-08-19 11:00:00,10,-790,16470
2016-08-19 12:00:00,0,-790,16460
2016-08-19 13:00:00,0,-790,16460
2016-08-19 14:00:00,0,-790,16460
2016-08-19 15:00:00,40,-750,16420
2016-08-19 16:00:00,20,-730,16460
2016-08-19 17:00:00,-20,-750,16480
2016-08-19 18:00:00,0,-750,16460
2016-08-19 19:00:00,-10,-760,16460
2016-08-19 20:00:00,-10,-770,16470
2016-08-19 21:00:00,30,-740,16480
2016-08-22 00:00:00,-80,-820,16510
2016-08-22 01:00:00,-40,-860,16590
2016-08-22 02:00:00,-30,-890,16550
2016-08-22 03:00:00,40,-850,16580
2016-08-22 04:00:00,-40,-890,16540
2016-08-22 05:00:00,10,-880,16580
2016-08-22 06:00:00,0,-880,16570
2016-08-22 07:00:00,0,-880,16570
2016-08-22 08:00:00,20,-860,16570
2016-08-22 09:00:00,0,-860,16590
2016-08-22 10:00:00,-20,-880,16590
2016-08-22 11:00:00,40,-840,16570
2016-08-22 12:00:00,10,-830,16530
2016-08-22 13:00:00,30,-800,16520
2016-08-22 14:00:00,-20,-820,16490
2016-08-22 15:00:00,20,-800,16510
2016-08-22 16:00:00,-20,-820,16530
2016-08-22 17:00:00,-10,-830,16510
2016-08-22 18:00:00,10,-820,16520
2016-08-22 19:00:00,0,-820,16530
2016-08-22 20:00:00,0,-820,16530
2016-08-22 21:00:00,-10,-830,16530
2016-08-23 00:00:00,10,-820,16520
2016-08-23 01:00:00,-20,-840,16530
2016-08-23 02:00:00,40,-800,16510
2016-08-23 03:00:00,-10,-810,16550
2016-08-23 04:00:00,40,-770,16540
2016-08-23 05:00:00,100,-670,16580
2016-08-23 06:00:00,10,-660,16480
2016-08-23 07:00:00,-40,-700,16470
2016-08-23 08:00:00,10,-690,16510
2016-08-23 09:00:00,-30,-720,16500
2016-08-23 10:00:00,-10,-730,16530
2016-08-23 11:00:00,0,-730,16520
2016-08-23 12:00:00,10,-720,16520
2016-08-23 13:00:00,10,-710,16510
2016-08-23 14:00:00,30,-680,16520
2016-08-23 15:00:00,0,-680,16550
2016-08-23 16:00:00,-10,-690,16550
2016-08-23 17:00:00,0,-690,16540
2016-08-23 18:00:00,10,-680,16540
2016-08-23 19:00:00,-10,-690,16530
2016-08-23 20:00:00,0,-690,16540
2016-08-23 21:00:00,-10,-700,16540
2016-08-24 00:00:00,30,-670,16550
2016-08-24 01:00:00,-40,-710,16580
2016-08-24 02:00:00,-70,-780,16620
2016-08-24 03:00:00,-10,-790,16550
2016-08-24 04:00:00,20,-770,16560
2016-08-24 05:00:00,10,-760,16580
2016-08-24 06:00:00,0,-760,16570
2016-08-24 07:00:00,30,-730,16570
2016-08-24 08:00:00,0,-730,16540
2016-08-24 09:00:00,0,-730,16540
2016-08-24 10:00:00,0,-730,16540
2016-08-24 11:00:00,0,-730,16540
2016-08-24 12:00:00,0,-730,16550
2016-08-24 13:00:00,-20,-750,16540
2016-08-24 14:00:00,10,-740,16560
2016-08-24 15:00:00,0,-740,16550
2016-08-24 16:00:00,0,-740,16550
2016-08-24 17:00:00,-10,-750,16550
2016-08-24 18:00:00,0,-750,16560
2016-08-24 19:00:00,0,-750,16550
2016-08-24 20:00:00,10,-740,16550
2016-08-24 21:00:00,0,-740,16560
2016-08-25 00:00:00,10,-730,16560
2016-08-25 01:00:00,-40,-770,16570
2016-08-25 02:00:00,-10,-780,16530
2016-08-25 03:00:00,80,-700,16540
2016-08-25 04:00:00,-60,-760,16620
2016-08-25 05:00:00,0,-760,16560
2016-08-25 06:00:00,0,-760,16560
2016-08-25 07:00:00,-20,-780,16540
2016-08-25 08:00:00,10,-770,16520
2016-08-25 09:00:00,20,-750,16510
2016-08-25 10:00:00,-10,-760,16490
2016-08-25 11:00:00,10,-750,16500
2016-08-25 12:00:00,-10,-760,16490
2016-08-25 13:00:00,0,-760,16500
2016-08-25 14:00:00,0,-760,16500
2016-08-25 15:00:00,0,-760,16500
2016-08-25 16:00:00,0,-760,16510
2016-08-25 17:00:00,0,-760,16510
2016-08-25 18:00:00,-10,-770,16510
2016-08-25 19:00:00,0,-770,16500
2016-08-25 20:00:00,0,-770,16500
2016-08-25 21:00:00,-20,-790,16490
2016-08-26 00:00:00,-20,-810,16510
2016-08-26 01:00:00,120,-690,16490
2016-08-26 02:00:00,-20,-710,16370
2016-08-26 03:00:00,-10,-720,16390
2016-08-26 04:00:00,30,-690,16400
2016-08-26 05:00:00,-80,-770,16370
2016-08-26 06:00:00,90,-680,16450
2016-08-26 07:00:00,-40,-720,16360
2016-08-26 08:00:00,10,-710,16400
2016-08-26 09:00:00,0,-710,16390
2016-08-26 10:00:00,-10,-720,16390
2016-08-26 11:00:00,-10,-730,16400
2016-08-26 12:00:00,10,-720,16410
2016-08-26 13:00:00,0,-720,16400
2016-08-26 14:00:00,-40,-760,16400
2016-08-26 15:00:00,50,-710,16440
2016-08-26 16:00:00,10,-700,16490
2016-08-26 17:00:00,0,-700,16500
2016-08-26 18:00:00,-20,-720,16500
2016-08-26 19:00:00,30,-690,16520
2016-08-26 20:00:00,-30,-720,16550
2016-08-26 21:00:00,-10,-730,16580
2016-08-29 00:00:00,-80,-810,16590
2016-08-29 01:00:00,40,-770,16670
2016-08-29 02:00:00,10,-760,16710
2016-08-29 03:00:00,40,-720,16720
2016-08-29 04:00:00,-10,-730,16760
2016-08-29 05:00:00,0,-730,16750
2016-08-29 06:00:00,0,-730,16750
2016-08-29 07:00:00,10,-720,16740
2016-08-29 08:00:00,30,-690,16730
2016-08-29 09:00:00,-10,-700,16700
2016-08-29 10:00:00,-20,-720,16710
2016-08-29 11:00:00,10,-710,16690
2016-08-29 12:00:00,-10,-720,16700
2016-08-29 13:00:00,10,-710,16710
2016-08-29 14:00:00,20,-690,16720
2016-08-29 15:00:00,-10,-700,16740
2016-08-29 16:00:00,-10,-710,16730
2016-08-29 17:00:00,10,-700,16740
2016-08-29 18:00:00,-30,-730,16750
2016-08-29 19:00:00,0,-730,16720
2016-08-29 20:00:00,0,-730,16720
2016-08-29 21:00:00,10,-720,16710
2016-08-30 00:00:00,0,-720,16700
2016-08-30 01:00:00,-20,-740,16700
2016-08-30 02:00:00,20,-720,16720
2016-08-30 03:00:00,0,-720,16740
2016-08-30 04:00:00,0,-720,16740
2016-08-30 05:00:00,-10,-730,16730
2016-08-30 06:00:00,0,-730,16740
2016-08-30 07:00:00,0,-730,16740
2016-08-30 08:00:00,0,-730,16740
2016-08-30 09:00:00,0,-730,16790
2016-08-30 10:00:00,0,-730,16790
2016-08-30 11:00:00,0,-730,16790
2016-08-30 12:00:00,0,-730,16780
2016-08-30 13:00:00,30,-700,16780
2016-08-30 14:00:00,30,-670,16810
2016-08-30 15:00:00,20,-650,16840
2016-08-30 16:00:00,24,-626,16820
2016-08-30 17:00:00,-26,-652,16844
2016-08-30 18:00:00,10,-642,16870
2016-08-30 19:00:00,-40,-682,16880
2016-08-30 20:00:00,-20,-702,16840
2016-08-30 21:00:00,-10,-712,16860
2016-08-31 00:00:00,0,-712,16850
2016-08-31 01:00:00,0,-712,16870
2016-08-31 02:00:00,0,-712,16870
2016-08-31 03:00:00,0,-712,16860
2016-08-31 04:00:00,-30,-742,16860
2016-08-31 05:00:00,0,-742,16890
2016-08-31 06:00:00,10,-732,16890
2016-08-31 07:00:00,10,-722,16900
2016-08-31 08:00:00,20,-702,16890
2016-08-31 09:00:00,10,-692,16910
2016-08-31 10:00:00,0,-692,16900
2016-08-31 11:00:00,0,-692,16900
2016-08-31 12:00:00,0,-692,16900
2016-08-31 13:00:00,0,-692,16910
2016-08-31 14:00:00,0,-692,16910
2016-08-31 15:00:00,0,-692,16900
2016-08-31 16:00:00,-20,-712,16870
2016-08-31 17:00:00,30,-682,16850
2016-08-31 18:00:00,50,-632,16820
2016-08-31 19:00:00,0,-632,16870
2016-08-31 20:00:00,-40,-672,16870
2016-08-31 21:00:00,-10,-682,16910
2016-09-01 00:00:00,-10,-692,16900
2016-09-01 01:00:00,-30,-722,16890
2016-09-01 02:00:00,-20,-742,16920
2016-09-01 03:00:00,0,-742,16900
2016-09-01 04:00:00,0,-742,16900
2016-09-01 05:00:00,-30,-772,16930
2016-09-01 06:00:00,10,-762,16900
2016-09-01 07:00:00,30,-732,16910
2016-09-01 08:00:00,-60,-792,16940
2016-09-01 09:00:00,-10,-802,17000
2016-09-01 10:00:00,-30,-832,17010
2016-09-01 11:00:00,-40,-872,16980
2016-09-01 12:00:00,-20,-892,17020
2016-09-01 13:00:00,-10,-902,17000
2016-09-01 14:00:00,40,-862,17010
2016-09-01 15:00:00,-150,-1012,17050
2016-09-01 16:00:00,0,-1012,16900
2016-09-01 17:00:00,0,-1012,16900
2016-09-01 18:00:00,20,-992,16930
2016-09-01 19:00:00,0,-992,16950
2016-09-01 20:00:00,10,-982,16950
2016-09-01 21:00:00,30,-952,16960
2016-09-02 00:00:00,-30,-982,16930
2016-09-02 01:00:00,-10,-992,16900
2016-09-02 02:00:00,0,-992,16910
2016-09-02 03:00:00,20,-972,16910
2016-09-02 04:00:00,30,-942,16890
2016-09-02 05:00:00,-20,-962,16860
2016-09-02 06:00:00,-40,-1002,16880
2016-09-02 07:00:00,20,-982,16920
2016-09-02 08:00:00,10,-972,16940
2016-09-02 09:00:00,-10,-982,16950
2016-09-02 10:00:00,-10,-992,16940
2016-09-02 11:00:00,20,-972,16950
2016-09-02 12:00:00,0,-972,16970
2016-09-02 13:00:00,-30,-1002,16970
2016-09-02 14:00:00,72,-930,17000
2016-09-02 15:00:00,68,-862,17072
2016-09-02 16:00:00,0,-862,17140
2016-09-02 17:00:00,0,-862,17140
2016-09-02 18:00:00,-10,-872,17100
2016-09-02 19:00:00,-30,-902,17090
2016-09-02 20:00:00,0,-902,17120
2016-09-02 21:00:00,0,-902,17120
2016-09-05 00:00:00,0,-902,17120
2016-09-05 01:00:00,-10,-912,17130
2016-09-05 02:00:00,20,-892,17120
2016-09-05 03:00:00,-30,-922,17140
2016-09-05 04:00:00,-10,-932,17110
2016-09-05 05:00:00,-38,-970,17100
2016-09-05 06:00:00,-39,-1009,17062
2016-09-05 07:00:00,7,-1002,17023
2016-09-05 08:00:00,0,-1002,17030
2016-09-05 09:00:00,20,-982,17020
2016-09-05 10:00:00,-20,-1002,17040
2016-09-05 11:00:00,12,-990,17020
2016-09-05 12:00:00,22,-968,17032
2016-09-05 13:00:00,22,-946,17010
2016-09-05 14:00:00,-11,-957,17032
2016-09-05 15:00:00,9,-948,17021
2016-09-05 16:00:00,-8,-956,17030
2016-09-05 17:00:00,-8,-964,17022
2016-09-05 18:00:00,-8,-972,17030
2016-09-05 19:00:00,8,-964,17022
2016-09-05 20:00:00,0,-964,17030
2016-09-05 21:00:00,0,-964,17030
2016-09-06 00:00:00,-2,-966,17030
2016-09-06 01:00:00,38,-928,17032
2016-09-06 02:00:00,0,-928,17070
2016-09-06 03:00:00,0,-928,17070
2016-09-06 04:00:00,-10,-938,17070
2016-09-06 05:00:00,-20,-958,17080
2016-09-06 06:00:00,-22,-980,17060
2016-09-06 07:00:00,-2,-982,17082
2016-09-06 08:00:00,40,-942,17080
2016-09-06 09:00:00,20,-922,17040
2016-09-06 10:00:00,-20,-942,17060
2016-09-06 11:00:00,0,-942,17040
2016-09-06 12:00:00,-1,-943,17050
2016-09-06 13:00:00,1,-942,17051
2016-09-06 14:00:00,0,-942,17050
2016-09-06 15:00:00,-120,-1062,17050
2016-09-06 16:00:00,20,-1042,16930
2016-09-06 17:00:00,0,-1042,16950
2016-09-06 18:00:00,-10,-1052,16950
2016-09-06 19:00:00,0,-1052,16940
2016-09-06 20:00:00,0,-1052,16940
2016-09-06 21:00:00,0,-1052,16940
2016-09-07 00:00:00,0,-1052,16940
2016-09-07 01:00:00,-40,-1092,16910
2016-09-07 02:00:00,9,-1083,16950
2016-09-07 03:00:00,-19,-1102,16941
2016-09-07 04:00:00,0,-1102,16960
2016-09-07 05:00:00,0,-1102,16960
2016-09-07 06:00:00,-40,-1142,16970
2016-09-07 07:00:00,-20,-1162,17010
2016-09-07 08:00:00,10,-1152,16990
2016-09-07 09:00:00,-10,-1162,17000
2016-09-07 10:00:00,-10,-1172,17010
2016-09-07 11:00:00,0,-1172,17000
2016-09-07 12:00:00,0,-1172,17000
2016-09-07 13:00:00,0,-1172,17000
2016-09-07 14:00:00,-10,-1182,16990
2016-09-07 15:00:00,10,-1172,16980
2016-09-07 16:00:00,-21,-1193,16990
2016-09-07 17:00:00,1,-1192,16969
2016-09-07 18:00:00,-10,-1202,16970
2016-09-07 19:00:00,-9,-1211,16960
2016-09-07 20:00:00,-19,-1230,16969
2016-09-07 21:00:00,-10,-1240,16950
2016-09-08 00:00:00,40,-1200,16960
2016-09-08 01:00:00,-30,-1230,17000
2016-09-08 02:00:00,0,-1230,16970
2016-09-08 03:00:00,30,-1200,16970
2016-09-08 04:00:00,-9,-1209,16940
2016-09-08 05:00:00,51,-1158,16931
2016-09-08 06:00:00,0,-1158,16880
2016-09-08 07:00:00,-18,-1176,16958
2016-09-08 08:00:00,-130,-1306,16940
2016-09-08 09:00:00,0,-1306,16810
2016-09-08 10:00:00,0,-1306,16810
2016-09-08 11:00:00,10,-1296,16810
2016-09-08 12:00:00,-10,-1306,16820
2016-09-08 13:00:00,-20,-1326,16810
2016-09-08 14:00:00,50,-1276,16790
2016-09-08 15:00:00,-30,-1306,16740
2016-09-08 16:00:00,-70,-1376,16770
2016-09-08 17:00:00,10,-1366,16840
2016-09-08 18:00:00,0,-1366,16850
2016-09-08 19:00:00,20,-1346,16850
2016-09-08 20:00:00,0,-1346,16870
2016-09-08 21:00:00,10,-1336,16870
2016-09-09 00:00:00,-10,-1346,16880
2016-09-09 01:00:00,90,-1256,16870
2016-09-09 02:00:00,0,-1256,16780
2016-09-09 03:00:00,-60,-1316,16780
2016-09-09 04:00:00,-10,-1326,16840
2016-09-09 05:00:00,0,-1326,16850
2016-09-09 06:00:00,0,-1326,16850
2016-09-09 07:00:00,10,-1316,16850
2016-09-09 08:00:00,-30,-1346,16860
2016-09-09 09:00:00,0,-1346,16830
2016-09-09 10:00:00,0,-1346,16830
2016-09-09 11:00:00,20,-1326,16830
2016-09-09 12:00:00,0,-1326,16850
2016-09-09 13:00:00,-20,-1346,16850
2016-09-09 14:00:00,0,-1346,16830
2016-09-09 15:00:00,0,-1346,16830
2016-09-09 16:00:00,0,-1346,16770
2016-09-09 17:00:00,20,-1326,16780
2016-09-09 18:00:00,-40,-1366,16760
2016-09-09 19:00:00,0,-1366,16720
2016-09-09 20:00:00,50,-1316,16720
2016-09-09 21:00:00,-10,-1326,16670
2016-09-12 00:00:00,-20,-1346,16660
2016-09-12 01:00:00,10,-1336,16640
2016-09-12 02:00:00,-110,-1446,16650
2016-09-12 03:00:00,40,-1406,16540
2016-09-12 04:00:00,-60,-1466,16580
2016-09-12 05:00:00,-20,-1486,16520
2016-09-12 06:00:00,0,-1486,16540
2016-09-12 07:00:00,0,-1486,16540
2016-09-12 08:00:00,0,-1486,16540
2016-09-12 09:00:00,30,-1456,16490
2016-09-12 10:00:00,-20,-1476,16460
2016-09-12 11:00:00,20,-1456,16440
2016-09-12 12:00:00,0,-1456,16420
2016-09-12 13:00:00,-50,-1506,16420
2016-09-12 14:00:00,-70,-1576,16470
2016-09-12 15:00:00,-10,-1586,16540
2016-09-12 16:00:00,10,-1576,16530
2016-09-12 17:00:00,30,-1546,16540
2016-09-12 18:00:00,0,-1546,16570
2016-09-12 19:00:00,60,-1486,16570
2016-09-12 20:00:00,20,-1466,16630
2016-09-12 21:00:00,20,-1446,16650
2016-09-13 00:00:00,-20,-1466,16670
2016-09-13 01:00:00,80,-1386,16650
2016-09-13 02:00:00,0,-1386,16570
2016-09-13 03:00:00,0,-1386,16570
2016-09-13 04:00:00,-40,-1426,16580
2016-09-13 05:00:00,90,-1336,16540
2016-09-13 06:00:00,-30,-1366,16630
2016-09-13 07:00:00,0,-1366,16600
2016-09-13 08:00:00,0,-1366,16600
2016-09-13 09:00:00,0,-1366,16570
2016-09-13 10:00:00,0,-1366,16540
2016-09-13 11:00:00,40,-1326,16560
2016-09-13 12:00:00,0,-1326,16600
2016-09-13 13:00:00,0,-1326,16600
2016-09-13 14:00:00,0,-1326,16580
2016-09-13 15:00:00,0,-1326,16540
2016-09-13 16:00:00,70,-1256,16510
2016-09-13 17:00:00,-20,-1276,16440
2016-09-13 18:00:00,0,-1276,16420
2016-09-13 19:00:00,0,-1276,16520
2016-09-13 20:00:00,0,-1276,16520
2016-09-13 21:00:00,0,-1276,16520
2016-09-14 00:00:00,20,-1256,16510
2016-09-14 01:00:00,0,-1256,16490
2016-09-14 02:00:00,-70,-1326,16490
2016-09-14 03:00:00,0,-1326,16560
2016-09-14 04:00:00,0,-1326,16590
2016-09-14 05:00:00,0,-1326,16530
2016-09-14 06:00:00,0,-1326,16530
2016-09-14 07:00:00,0,-1326,16480
2016-09-14 08:00:00,10,-1316,16480
2016-09-14 09:00:00,-10,-1326,16470
2016-09-14 10:00:00,0,-1326,16480
2016-09-14 11:00:00,20,-1306,16460
2016-09-14 12:00:00,-30,-1336,16440
2016-09-14 13:00:00,20,-1316,16470
2016-09-14 14:00:00,-50,-1366,16490
2016-09-14 15:00:00,-40,-1406,16440
2016-09-14 16:00:00,-50,-1456,16400
2016-09-14 17:00:00,0,-1456,16350
2016-09-14 18:00:00,0,-1456,16350
2016-09-14 19:00:00,-50,-1506,16340
2016-09-14 20:00:00,20,-1486,16390
2016-09-14 21:00:00,40,-1446,16370
2016-09-15 00:00:00,60,-1386,16330
2016-09-15 01:00:00,100,-1286,16390
2016-09-15 02:00:00,-50,-1336,16290
2016-09-15 03:00:00,-40,-1376,16240
2016-09-15 04:00:00,-20,-1396,16280
2016-09-15 05:00:00,20,-1376,16260
2016-09-15 06:00:00,20,-1356,16280
2016-09-15 07:00:00,0,-1356,16260
2016-09-15 08:00:00,0,-1356,16260
2016-09-15 09:00:00,20,-1336,16270
2016-09-15 10:00:00,-10,-1346,16290
2016-09-15 11:00:00,0,-1346,16300
2016-09-15 12:00:00,0,-1346,16310
2016-09-15 13:00:00,-10,-1356,16290
2016-09-15 14:00:00,20,-1336,16300
2016-09-15 15:00:00,30,-1306,16320
2016-09-15 16:00:00,0,-1306,16350
2016-09-15 17:00:00,0,-1306,16350
2016-09-15 18:00:00,0,-1306,16350
2016-09-15 19:00:00,-30,-1336,16360
2016-09-15 20:00:00,0,-1336,16390
2016-09-15 21:00:00,-20,-1356,16390
2016-09-16 00:00:00,-80,-1436,16410
2016-09-16 01:00:00,0,-1436,16330
2016-09-16 02:00:00,10,-1426,16330
2016-09-16 03:00:00,0,-1426,16340
2016-09-16 04:00:00,0,-1426,16340
2016-09-16 05:00:00,-50,-1476,16330
2016-09-16 06:00:00,0,-1476,16380
2016-09-16 07:00:00,30,-1446,16380
2016-09-16 08:00:00,-40,-1486,16350
2016-09-16 09:00:00,10,-1476,16310
2016-09-16 10:00:00,-10,-1486,16300
2016-09-16 11:00:00,50,-1436,16290
2016-09-16 12:00:00,10,-1426,16240
2016-09-16 13:00:00,0,-1426,16230
2016-09-16 14:00:00,-40,-1466,16280
2016-09-16 15:00:00,-20,-1486,16240
2016-09-16 16:00:00,0,-1486,16260
2016-09-16 17:00:00,-20,-1506,16260
2016-09-16 18:00:00,10,-1496,16240
2016-09-16 19:00:00,0,-1496,16250
2016-09-16 20:00:00,0,-1496,16250
2016-09-16 21:00:00,0,-1496,16250
2016-09-20 00:00:00,0,-1496,16250
2016-09-20 01:00:00,70,-1426,16270
2016-09-20 02:00:00,90,-1336,16340
2016-09-20 03:00:00,-50,-1386,16430
2016-09-20 04:00:00,-30,-1416,16380
2016-09-20 05:00:00,-60,-1476,16410
2016-09-20 06:00:00,10,-1466,16350
2016-09-20 07:00:00,20,-1446,16340
2016-09-20 08:00:00,20,-1426,16320
2016-09-20 09:00:00,0,-1426,16340
2016-09-20 10:00:00,10,-1416,16340
2016-09-20 11:00:00,30,-1386,16350
2016-09-20 12:00:00,-10,-1396,16380
2016-09-20 13:00:00,0,-1396,16390
2016-09-20 14:00:00,20,-1376,16390
2016-09-20 15:00:00,-10,-1386,16370
2016-09-20 16:00:00,-20,-1406,16360
2016-09-20 17:00:00,-10,-1416,16340
2016-09-20 18:00:00,20,-1396,16330
2016-09-20 19:00:00,10,-1386,16350
2016-09-20 20:00:00,-20,-1406,16360
2016-09-20 21:00:00,10,-1396,16340
2016-09-21 00:00:00,-30,-1426,16350
2016-09-21 01:00:00,-20,-1446,16320
2016-09-21 02:00:00,-10,-1456,16300
2016-09-21 03:00:00,-20,-1476,16290
2016-09-21 04:00:00,80,-1396,16310
2016-09-21 05:00:00,160,-1236,16390
2016-09-21 06:00:00,120,-1116,16550
2016-09-21 07:00:00,60,-1056,16670
2016-09-21 08:00:00,-70,-1126,16730
2016-09-21 09:00:00,10,-1116,16660
2016-09-21 10:00:00,30,-1086,16650
2016-09-21 11:00:00,-30,-1116,16620
2016-09-21 12:00:00,60,-1056,16650
2016-09-21 13:00:00,-60,-1116,16590
2016-09-21 14:00:00,0,-1116,16530
2016-09-21 15:00:00,40,-1076,16530
2016-09-21 16:00:00,40,-1036,16490
2016-09-21 17:00:00,-10,-1046,16450
2016-09-21 18:00:00,-20,-1066,16460
2016-09-21 19:00:00,0,-1066,16480
2016-09-21 20:00:00,0,-1066,16510
2016-09-21 21:00:00,0,-1066,16510
2016-09-23 00:00:00,150,-916,16490
2016-09-23 01:00:00,0,-916,16640
2016-09-23 02:00:00,0,-916,16640
2016-09-23 03:00:00,-40,-956,16670
2016-09-23 04:00:00,-10,-966,16630
2016-09-23 05:00:00,0,-966,16640
2016-09-23 06:00:00,30,-936,16640
2016-09-23 07:00:00,40,-896,16610
2016-09-23 08:00:00,-10,-906,16570
2016-09-23 09:00:00,-30,-936,16580
2016-09-23 10:00:00,10,-926,16550
2016-09-23 11:00:00,10,-916,16560
2016-09-23 12:00:00,0,-916,16550
2016-09-23 13:00:00,-40,-956,16550
2016-09-23 14:00:00,20,-936,16590
2016-09-23 15:00:00,0,-936,16570
2016-09-23 16:00:00,0,-936,16590
2016-09-23 17:00:00,0,-936,16590
2016-09-23 18:00:00,0,-936,16580
2016-09-23 19:00:00,20,-916,16560
2016-09-23 20:00:00,-10,-926,16580
2016-09-23 21:00:00,30,-896,16570
2016-09-26 00:00:00,-30,-926,16600
2016-09-26 01:00:00,50,-876,16570
2016-09-26 02:00:00,30,-846,16520
2016-09-26 03:00:00,-10,-856,16490
2016-09-26 04:00:00,20,-836,16500
2016-09-26 05:00:00,0,-836,16480
2016-09-26 06:00:00,90,-746,16480
2016-09-26 07:00:00,-10,-756,16390
2016-09-26 08:00:00,130,-626,16400
2016-09-26 09:00:00,10,-616,16270
2016-09-26 10:00:00,-30,-646,16280
2016-09-26 11:00:00,20,-626,16250
2016-09-26 12:00:00,0,-626,16270
2016-09-26 13:00:00,0,-626,16270
2016-09-26 14:00:00,-20,-646,16270
2016-09-26 15:00:00,30,-616,16250
2016-09-26 16:00:00,-10,-626,16280
2016-09-26 17:00:00,20,-606,16270
2016-09-26 18:00:00,-30,-636,16290
2016-09-26 19:00:00,0,-636,16260
2016-09-26 20:00:00,-20,-656,16260
2016-09-26 21:00:00,-20,-676,16280
2016-09-27 00:00:00,30,-646,16300
2016-09-27 01:00:00,-100,-746,16270
2016-09-27 02:00:00,-170,-916,16170
2016-09-27 03:00:00,20,-896,16340
2016-09-27 04:00:00,90,-806,16360
2016-09-27 05:00:00,-30,-836,16450
2016-09-27 06:00:00,-50,-886,16480
2016-09-27 07:00:00,10,-876,16530
2016-09-27 08:00:00,60,-816,16540
2016-09-27 09:00:00,30,-786,16480
2016-09-27 10:00:00,-20,-806,16450
2016-09-27 11:00:00,0,-806,16430
2016-09-27 12:00:00,0,-806,16430
2016-09-27 13:00:00,0,-806,16420
2016-09-27 14:00:00,-70,-876,16390
2016-09-27 15:00:00,-50,-926,16460
2016-09-27 16:00:00,50,-876,16410
2016-09-27 17:00:00,10,-866,16460
2016-09-27 18:00:00,0,-866,16470
2016-09-27 19:00:00,-20,-886,16470
2016-09-27 20:00:00,20,-866,16450
2016-09-27 21:00:00,10,-856,16470
2016-09-28 00:00:00,-10,-866,16480
2016-09-28 01:00:00,20,-846,16470
2016-09-28 02:00:00,50,-796,16450
2016-09-28 03:00:00,-30,-826,16400
2016-09-28 04:00:00,30,-796,16370
2016-09-28 05:00:00,10,-786,16400
2016-09-28 06:00:00,20,-766,16410
2016-09-28 07:00:00,30,-736,16430
2016-09-28 08:00:00,50,-686,16460
2016-09-28 09:00:00,10,-676,16510
2016-09-28 10:00:00,-50,-726,16520
2016-09-28 11:00:00,20,-706,16470
2016-09-28 12:00:00,0,-706,16490
2016-09-28 13:00:00,-10,-716,16490
2016-09-28 14:00:00,10,-706,16480
2016-09-28 15:00:00,-40,-746,16490
2016-09-28 16:00:00,0,-746,16450
2016-09-28 17:00:00,0,-746,16450
2016-09-28 18:00:00,20,-726,16450
2016-09-28 19:00:00,60,-666,16470
2016-09-28 20:00:00,10,-656,16530
2016-09-28 21:00:00,10,-646,16540
2016-09-29 00:00:00,50,-596,16550
2016-09-29 01:00:00,50,-546,16600
2016-09-29 02:00:00,-20,-566,16650
2016-09-29 03:00:00,-10,-576,16670
2016-09-29 04:00:00,20,-556,16680
2016-09-29 05:00:00,-10,-566,16700
2016-09-29 06:00:00,-10,-576,16690
2016-09-29 07:00:00,-40,-616,16680
2016-09-29 08:00:00,30,-586,16720
2016-09-29 09:00:00,-10,-596,16690
2016-09-29 10:00:00,-30,-626,16680
2016-09-29 11:00:00,0,-626,16650
2016-09-29 12:00:00,10,-616,16650
2016-09-29 13:00:00,20,-596,16660
2016-09-29 14:00:00,10,-586,16680
2016-09-29 15:00:00,10,-576,16670
2016-09-29 16:00:00,20,-556,16660
2016-09-29 17:00:00,100,-456,16640
2016-09-29 18:00:00,60,-396,16540
2016-09-29 19:00:00,-40,-436,16480
2016-09-29 20:00:00,0,-436,16520
2016-09-29 21:00:00,0,-436,16520
2016-09-30 00:00:00,-60,-496,16530
2016-09-30 01:00:00,70,-426,16470
2016-09-30 02:00:00,10,-416,16400
2016-09-30 03:00:00,-10,-426,16410
2016-09-30 04:00:00,-50,-476,16420
2016-09-30 05:00:00,-30,-506,16470
2016-09-30 06:00:00,-10,-516,16440
2016-09-30 07:00:00,40,-476,16430
2016-09-30 08:00:00,30,-446,16390
2016-09-30 09:00:00,-20,-466,16360
2016-09-30 10:00:00,40,-426,16380
2016-09-30 11:00:00,0,-426,16420
2016-09-30 12:00:00,10,-416,16420
2016-09-30 13:00:00,10,-406,16430
2016-09-30 14:00:00,20,-386,16440
2016-09-30 15:00:00,-20,-406,16460
2016-09-30 16:00:00,70,-336,16480
2016-09-30 17:00:00,40,-296,16550
2016-09-30 18:00:00,0,-296,16590
2016-09-30 19:00:00,-10,-306,16590
2016-09-30 20:00:00,0,-306,16580
2016-09-30 21:00:00,0,-306,16560
2016-10-03 00:00:00,0,-306,16560
2016-10-03 01:00:00,0,-306,16590
2016-10-03 02:00:00,-40,-346,16590
2016-10-03 03:00:00,0,-346,16630
2016-10-03 04:00:00,-20,-366,16620
2016-10-03 05:00:00,30,-336,16600
2016-10-03 06:00:00,-10,-346,16570
2016-10-03 07:00:00,-10,-356,16580
2016-10-03 08:00:00,0,-356,16590
2016-10-03 09:00:00,10,-346,16590
2016-10-03 10:00:00,10,-336,16600
2016-10-03 11:00:00,-10,-346,16610
2016-10-03 12:00:00,-10,-356,16600
2016-10-03 13:00:00,60,-296,16590
2016-10-03 14:00:00,30,-266,16530
2016-10-03 15:00:00,60,-206,16560
2016-10-03 16:00:00,-40,-246,16620
2016-10-03 17:00:00,-10,-256,16580
2016-10-03 18:00:00,-10,-266,16570
2016-10-03 19:00:00,0,-266,16580
2016-10-03 20:00:00,30,-236,16580
2016-10-03 21:00:00,-10,-246,16610
2016-10-04 00:00:00,-60,-306,16600
2016-10-04 01:00:00,-40,-346,16660
2016-10-04 02:00:00,10,-336,16700
2016-10-04 03:00:00,0,-336,16710
2016-10-04 04:00:00,0,-336,16710
2016-10-04 05:00:00,0,-336,16700
2016-10-04 06:00:00,20,-316,16720
2016-10-04 07:00:00,0,-316,16700
2016-10-04 08:00:00,40,-276,16720
2016-10-04 09:00:00,20,-256,16760
2016-10-04 10:00:00,-20,-276,16740
2016-10-04 11:00:00,0,-276,16760
2016-10-04 12:00:00,30,-246,16750
2016-10-04 13:00:00,0,-246,16780
2016-10-04 14:00:00,-50,-296,16780
2016-10-04 15:00:00,20,-276,16830
2016-10-04 16:00:00,-100,-376,16850
2016-10-04 17:00:00,-30,-406,16750
2016-10-04 18:00:00,0,-406,16780
2016-10-04 19:00:00,10,-396,16730
2016-10-04 20:00:00,-10,-406,16720
2016-10-04 21:00:00,30,-376,16730
2016-10-05 00:00:00,20,-356,16760
2016-10-05 01:00:00,-20,-376,16780
2016-10-05 02:00:00,-40,-416,16760
2016-10-05 03:00:00,-40,-456,16800
2016-10-05 04:00:00,-20,-476,16840
2016-10-05 05:00:00,0,-476,16820
2016-10-05 06:00:00,0,-476,16820
2016-10-05 07:00:00,0,-476,16820
2016-10-05 08:00:00,40,-436,16820
2016-10-05 09:00:00,-30,-466,16780
2016-10-05 10:00:00,-10,-476,16810
2016-10-05 11:00:00,0,-476,16820
2016-10-05 12:00:00,0,-476,16820
2016-10-05 13:00:00,0,-476,16840
2016-10-05 14:00:00,-40,-516,16840
2016-10-05 15:00:00,60,-456,16880
2016-10-05 16:00:00,0,-456,16940
2016-10-05 17:00:00,0,-456,16930
2016-10-05 18:00:00,0,-456,16930
2016-10-05 19:00:00,20,-436,16940
2016-10-05 20:00:00,-10,-446,16960
2016-10-05 21:00:00,-10,-456,16950
2016-10-06 00:00:00,20,-436,16940
2016-10-06 01:00:00,-20,-456,16920
2016-10-06 02:00:00,20,-436,16940
2016-10-06 03:00:00,20,-416,16920
2016-10-06 04:00:00,-20,-436,16900
2016-10-06 05:00:00,-10,-446,16920
2016-10-06 06:00:00,20,-426,16910
2016-10-06 07:00:00,-10,-436,16890
2016-10-06 08:00:00,-20,-456,16900
2016-10-06 09:00:00,-20,-476,16920
2016-10-06 10:00:00,-40,-516,16900
2016-10-06 11:00:00,-10,-526,16860
2016-10-06 12:00:00,-10,-536,16850
2016-10-06 13:00:00,60,-476,16860
2016-10-06 14:00:00,-10,-486,16920
2016-10-06 15:00:00,-10,-496,16910
2016-10-06 16:00:00,-20,-516,16920
2016-10-06 17:00:00,0,-516,16940
2016-10-06 18:00:00,-10,-526,16930
2016-10-06 19:00:00,-20,-546,16920
2016-10-06 20:00:00,-10,-556,16940
2016-10-06 21:00:00,0,-556,16930
2016-10-07 00:00:00,50,-506,16930
2016-10-07 01:00:00,0,-506,16880
2016-10-07 02:00:00,20,-486,16870
2016-10-07 03:00:00,-20,-506,16850
2016-10-07 04:00:00,-20,-526,16870
2016-10-07 05:00:00,-20,-546,16850
2016-10-07 06:00:00,0,-546,16830
2016-10-07 07:00:00,40,-506,16850
2016-10-07 08:00:00,-50,-556,16890
2016-10-07 09:00:00,0,-556,16840
2016-10-07 10:00:00,0,-556,16860
2016-10-07 11:00:00,0,-556,16860
2016-10-07 12:00:00,0,-556,16840
2016-10-07 13:00:00,0,-556,16840
2016-10-07 14:00:00,-100,-656,16850
2016-10-07 15:00:00,-40,-696,16750
2016-10-07 16:00:00,-10,-706,16790
2016-10-07 17:00:00,-30,-736,16780
2016-10-07 18:00:00,-60,-796,16750
2016-10-07 19:00:00,-20,-816,16810
2016-10-07 20:00:00,0,-816,16790
2016-10-07 21:00:00,0,-816,16790
2016-10-11 00:00:00,0,-816,16790
2016-10-11 01:00:00,110,-706,16930
2016-10-11 02:00:00,0,-706,17040
2016-10-11 03:00:00,0,-706,17040
2016-10-11 04:00:00,-30,-736,17050
2016-10-11 05:00:00,-20,-756,17020
2016-10-11 06:00:00,-10,-766,17040
2016-10-11 07:00:00,20,-746,17030
2016-10-11 08:00:00,-20,-766,17010
2016-10-11 09:00:00,0,-766,16990
2016-10-11 10:00:00,0,-766,16990
2016-10-11 11:00:00,0,-766,16990
2016-10-11 12:00:00,-10,-776,17010
2016-10-11 13:00:00,10,-766,17000
2016-10-11 14:00:00,0,-766,16990
2016-10-11 15:00:00,40,-726,16960
2016-10-11 16:00:00,40,-686,16920
2016-10-11 17:00:00,-20,-706,16880
2016-10-11 18:00:00,70,-636,16900
2016-10-11 19:00:00,-30,-666,16830
2016-10-11 20:00:00,-20,-686,16860
2016-10-11 21:00:00,0,-686,16880
2016-10-12 00:00:00,30,-656,16880
2016-10-12 01:00:00,-80,-736,16850
2016-10-12 02:00:00,-10,-746,16930
2016-10-12 03:00:00,30,-716,16940
2016-10-12 04:00:00,30,-686,16910
2016-10-12 05:00:00,0,-686,16880
2016-10-12 06:00:00,30,-656,16880
2016-10-12 07:00:00,-40,-696,16850
2016-10-12 08:00:00,30,-666,16890
2016-10-12 09:00:00,-10,-676,16860
2016-10-12 10:00:00,0,-676,16870
2016-10-12 11:00:00,10,-666,16870
2016-10-12 12:00:00,-10,-676,16880
2016-10-12 13:00:00,10,-666,16890
2016-10-12 14:00:00,-10,-676,16900
2016-10-12 15:00:00,0,-676,16890
2016-10-12 16:00:00,80,-596,16890
2016-10-12 17:00:00,-20,-616,16970
2016-10-12 18:00:00,0,-616,16950
2016-10-12 19:00:00,10,-606,16950
2016-10-12 20:00:00,0,-606,16960
2016-10-12 21:00:00,0,-606,16970
2016-10-13 00:00:00,-30,-636,16960
2016-10-13 01:00:00,20,-616,16930
2016-10-13 02:00:00,-100,-716,16950
2016-10-13 03:00:00,130,-586,16850
2016-10-13 04:00:00,-60,-646,16720
2016-10-13 05:00:00,-10,-656,16780
2016-10-13 06:00:00,-20,-676,16770
2016-10-13 07:00:00,-40,-716,16750
2016-10-13 08:00:00,-70,-786,16790
2016-10-13 09:00:00,50,-736,16720
2016-10-13 10:00:00,-20,-756,16770
2016-10-13 11:00:00,0,-756,16750
2016-10-13 12:00:00,0,-756,16750
2016-10-13 13:00:00,30,-726,16740
2016-10-13 14:00:00,-50,-776,16710
2016-10-13 15:00:00,20,-756,16660
2016-10-13 16:00:00,-30,-786,16680
2016-10-13 17:00:00,30,-756,16710
2016-10-13 18:00:00,40,-716,16740
2016-10-13 19:00:00,10,-706,16780
2016-10-13 20:00:00,-20,-726,16790
2016-10-13 21:00:00,20,-706,16770
2016-10-14 00:00:00,-30,-736,16790
2016-10-14 01:00:00,-20,-756,16760
2016-10-14 02:00:00,0,-756,16740
2016-10-14 03:00:00,10,-746,16800
2016-10-14 04:00:00,0,-746,16810
2016-10-14 05:00:00,10,-736,16840
2016-10-14 06:00:00,0,-736,16850
2016-10-14 07:00:00,0,-736,16850
2016-10-14 08:00:00,-40,-776,16850
2016-10-14 09:00:00,20,-756,16890
2016-10-14 10:00:00,40,-716,16910
2016-10-14 11:00:00,0,-716,16950
2016-10-14 12:00:00,30,-686,16950
2016-10-14 13:00:00,-20,-706,16920
2016-10-14 14:00:00,-10,-716,16940
2016-10-14 15:00:00,-10,-726,16950
2016-10-14 16:00:00,-50,-776,16940
2016-10-14 17:00:00,-10,-786,16890
2016-10-14 18:00:00,10,-776,16880
2016-10-14 19:00:00,-10,-786,16890
2016-10-14 20:00:00,10,-776,16880
2016-10-14 21:00:00,10,-766,16890
2016-10-17 00:00:00,0,-766,16900
2016-10-17 01:00:00,70,-696,16850
2016-10-17 02:00:00,-70,-766,16920
2016-10-17 03:00:00,20,-746,16850
2016-10-17 04:00:00,0,-746,16870
2016-10-17 05:00:00,0,-746,16870
2016-10-17 06:00:00,-10,-756,16890
2016-10-17 07:00:00,-20,-776,16900
2016-10-17 08:00:00,10,-766,16880
2016-10-17 09:00:00,-10,-776,16870
2016-10-17 10:00:00,-10,-786,16860
2016-10-17 11:00:00,0,-786,16850
2016-10-17 12:00:00,10,-776,16870
2016-10-17 13:00:00,10,-766,16880
2016-10-17 14:00:00,0,-766,16870
2016-10-17 15:00:00,-10,-776,16860
2016-10-17 16:00:00,20,-756,16870
2016-10-17 17:00:00,10,-746,16850
2016-10-17 18:00:00,10,-736,16840
2016-10-17 19:00:00,-10,-746,16830
2016-10-17 20:00:00,-10,-756,16840
2016-10-17 21:00:00,-10,-766,16830
2016-10-18 00:00:00,20,-746,16840
2016-10-18 01:00:00,20,-726,16860
2016-10-18 02:00:00,30,-696,16880
2016-10-18 03:00:00,0,-696,16910
2016-10-18 04:00:00,0,-696,16910
2016-10-18 05:00:00,-20,-716,16900
2016-10-18 06:00:00,30,-686,16920
2016-10-18 07:00:00,-10,-696,16950
2016-10-18 08:00:00,20,-676,16940
2016-10-18 09:00:00,-20,-696,16960
2016-10-18 10:00:00,10,-686,16980
2016-10-18 11:00:00,10,-676,16970
2016-10-18 12:00:00,-20,-696,16960
2016-10-18 13:00:00,10,-686,16980
2016-10-18 14:00:00,-20,-706,16990
2016-10-18 15:00:00,0,-706,16970
2016-10-18 16:00:00,0,-706,16970
2016-10-18 17:00:00,0,-706,16980
2016-10-18 18:00:00,0,-706,16980
2016-10-18 19:00:00,-10,-716,16980
2016-10-18 20:00:00,-10,-726,16970
2016-10-18 21:00:00,-30,-756,16960
2016-10-19 00:00:00,10,-746,16930
2016-10-19 01:00:00,0,-746,16940
2016-10-19 02:00:00,30,-716,16940
2016-10-19 03:00:00,0,-716,16970
2016-10-19 04:00:00,0,-716,16990
2016-10-19 05:00:00,-10,-726,16990
2016-10-19 06:00:00,20,-706,16980
2016-10-19 07:00:00,-10,-716,17000
2016-10-19 08:00:00,40,-676,16990
2016-10-19 09:00:00,0,-676,16950
2016-10-19 10:00:00,0,-676,16950
2016-10-19 11:00:00,10,-666,16950
2016-10-19 12:00:00,-10,-676,16960
2016-10-19 13:00:00,0,-676,16970
2016-10-19 14:00:00,20,-656,16980
2016-10-19 15:00:00,40,-616,16960
2016-10-19 16:00:00,-20,-636,17000
2016-10-19 17:00:00,10,-626,16980
2016-10-19 18:00:00,0,-626,16990
2016-10-19 19:00:00,0,-626,16990
2016-10-19 20:00:00,10,-616,16990
2016-10-19 21:00:00,0,-616,16980
2016-10-20 00:00:00,10,-606,16980
2016-10-20 01:00:00,-150,-756,16990
2016-10-20 02:00:00,-20,-776,17140
2016-10-20 03:00:00,0,-776,17160
2016-10-20 04:00:00,30,-746,17160
2016-10-20 05:00:00,0,-746,17190
2016-10-20 06:00:00,0,-746,17190
2016-10-20 07:00:00,-50,-796,17230
2016-10-20 08:00:00,0,-796,17180
2016-10-20 09:00:00,11,-785,17180
2016-10-20 10:00:00,-1,-786,17169
2016-10-20 11:00:00,0,-786,17170
2016-10-20 12:00:00,-10,-796,17170
2016-10-20 13:00:00,0,-796,17180
2016-10-20 14:00:00,-20,-816,17180
2016-10-20 15:00:00,10,-806,17200
2016-10-20 16:00:00,10,-796,17210
2016-10-20 17:00:00,30,-766,17220
2016-10-20 18:00:00,10,-756,17250
2016-10-20 19:00:00,20,-736,17260
2016-10-20 20:00:00,-10,-746,17280
2016-10-20 21:00:00,-10,-756,17270
2016-10-21 00:00:00,0,-756,17260
2016-10-21 01:00:00,-10,-766,17260
2016-10-21 02:00:00,-10,-776,17270
2016-10-21 03:00:00,0,-776,17260
2016-10-21 04:00:00,-50,-826,17270
2016-10-21 05:00:00,-20,-846,17220
2016-10-21 06:00:00,50,-796,17240
2016-10-21 07:00:00,30,-766,17190
2016-10-21 08:00:00,20,-746,17220
2016-10-21 09:00:00,20,-726,17200
2016-10-21 10:00:00,10,-716,17180
2016-10-21 11:00:00,10,-706,17190
2016-10-21 12:00:00,10,-696,17180
2016-10-21 13:00:00,20,-676,17170
2016-10-21 14:00:00,10,-666,17150
2016-10-21 15:00:00,40,-626,17160
2016-10-21 16:00:00,40,-586,17200
2016-10-21 17:00:00,-10,-596,17240
2016-10-21 18:00:00,10,-586,17230
2016-10-21 19:00:00,0,-586,17240
2016-10-21 20:00:00,0,-586,17240
2016-10-21 21:00:00,-10,-596,17240
2016-10-24 00:00:00,10,-586,17230
2016-10-24 01:00:00,40,-546,17240
2016-10-24 02:00:00,30,-516,17200
2016-10-24 03:00:00,-40,-556,17170
2016-10-24 04:00:00,10,-546,17210
2016-10-24 05:00:00,0,-546,17220
2016-10-24 06:00:00,-20,-566,17220
2016-10-24 07:00:00,10,-556,17240
2016-10-24 08:00:00,80,-476,17250
2016-10-24 09:00:00,-20,-496,17330
2016-10-24 10:00:00,20,-476,17310
2016-10-24 11:00:00,-10,-486,17330
2016-10-24 12:00:00,10,-476,17320
2016-10-24 13:00:00,0,-476,17330
2016-10-24 14:00:00,30,-446,17330
2016-10-24 15:00:00,-10,-456,17360
2016-10-24 16:00:00,20,-436,17350
2016-10-24 17:00:00,10,-426,17330
2016-10-24 18:00:00,10,-416,17320
2016-10-24 19:00:00,20,-396,17310
2016-10-24 20:00:00,-10,-406,17330
2016-10-24 21:00:00,0,-406,17340
2016-10-25 00:00:00,30,-376,17340
2016-10-25 01:00:00,-50,-426,17310
2016-10-25 02:00:00,20,-406,17360
2016-10-25 03:00:00,-20,-426,17340
2016-10-25 04:00:00,-20,-446,17360
2016-10-25 05:00:00,20,-426,17380
2016-10-25 06:00:00,20,-406,17360
2016-10-25 07:00:00,0,-406,17380
2016-10-25 08:00:00,10,-396,17380
2016-10-25 09:00:00,-10,-406,17390
2016-10-25 10:00:00,-20,-426,17400
2016-10-25 11:00:00,10,-416,17380
2016-10-25 12:00:00,10,-406,17390
2016-10-25 13:00:00,-30,-436,17380
2016-10-25 14:00:00,0,-436,17410
2016-10-25 15:00:00,30,-406,17410
2016-10-25 16:00:00,30,-376,17380
2016-10-25 17:00:00,-10,-386,17350
2016-10-25 18:00:00,-20,-406,17340
2016-10-25 19:00:00,-20,-426,17360
2016-10-25 20:00:00,0,-426,17340
2016-10-25 21:00:00,0,-426,17340
2016-10-26 00:00:00,0,-426,17340
2016-10-26 01:00:00,0,-426,17320
2016-10-26 02:00:00,-30,-456,17320
2016-10-26 03:00:00,20,-436,17350
2016-10-26 04:00:00,10,-426,17370
2016-10-26 05:00:00,0,-426,17380
2016-10-26 06:00:00,-10,-436,17380
2016-10-26 07:00:00,30,-406,17390
2016-10-26 08:00:00,30,-376,17360
2016-10-26 09:00:00,10,-366,17330
2016-10-26 10:00:00,20,-346,17320
2016-10-26 11:00:00,-10,-356,17300
2016-10-26 12:00:00,0,-356,17310
2016-10-26 13:00:00,0,-356,17320
2016-10-26 14:00:00,20,-336,17320
2016-10-26 15:00:00,60,-276,17300
2016-10-26 16:00:00,10,-266,17360
2016-10-26 17:00:00,0,-266,17370
2016-10-26 18:00:00,30,-236,17370
2016-10-26 19:00:00,-20,-256,17340
2016-10-26 20:00:00,0,-256,17360
2016-10-26 21:00:00,0,-256,17360
2016-10-27 00:00:00,0,-256,17360
2016-10-27 01:00:00,-20,-276,17360
2016-10-27 02:00:00,-20,-296,17380
2016-10-27 03:00:00,40,-256,17360
2016-10-27 04:00:00,10,-246,17320
2016-10-27 05:00:00,10,-236,17310
2016-10-27 06:00:00,40,-196,17300
2016-10-27 07:00:00,10,-186,17340
2016-10-27 08:00:00,30,-156,17350
2016-10-27 09:00:00,-10,-166,17380
2016-10-27 10:00:00,-10,-176,17370
2016-10-27 11:00:00,10,-166,17380
2016-10-27 12:00:00,10,-156,17390
2016-10-27 13:00:00,20,-136,17400
2016-10-27 14:00:00,-10,-146,17420
2016-10-27 15:00:00,10,-136,17410
2016-10-27 16:00:00,-70,-206,17400
2016-10-27 17:00:00,20,-186,17470
2016-10-27 18:00:00,0,-186,17490
2016-10-27 19:00:00,0,-186,17490
2016-10-27 20:00:00,20,-166,17480
2016-10-27 21:00:00,0,-166,17460
2016-10-28 00:00:00,0,-166,17460
2016-10-28 01:00:00,10,-156,17450
2016-10-28 02:00:00,0,-156,17440
2016-10-28 03:00:00,0,-156,17440
2016-10-28 04:00:00,0,-156,17440
2016-10-28 05:00:00,0,-156,17430
2016-10-28 06:00:00,-10,-166,17440
2016-10-28 07:00:00,10,-156,17450
2016-10-28 08:00:00,-50,-206,17460
2016-10-28 09:00:00,0,-206,17410
2016-10-28 10:00:00,-30,-236,17400
2016-10-28 11:00:00,0,-236,17430
2016-10-28 12:00:00,-10,-246,17440
2016-10-28 13:00:00,-20,-266,17430
2016-10-28 14:00:00,0,-266,17450
2016-10-28 15:00:00,0,-266,17450
2016-10-28 16:00:00,0,-266,17490
2016-10-28 17:00:00,-10,-276,17480
2016-10-28 18:00:00,0,-276,17490
2016-10-28 19:00:00,-50,-326,17350
2016-10-28 20:00:00,10,-316,17400
2016-10-28 21:00:00,0,-316,17390
2016-10-31 00:00:00,20,-296,17390
2016-10-31 01:00:00,0,-296,17370
2016-10-31 02:00:00,0,-296,17370
2016-10-31 03:00:00,-30,-326,17350
2016-10-31 04:00:00,0,-326,17380
2016-10-31 05:00:00,0,-326,17380
2016-10-31 06:00:00,0,-326,17410
2016-10-31 07:00:00,-10,-336,17430
2016-10-31 08:00:00,-20,-356,17440
2016-10-31 09:00:00,-30,-386,17420
2016-10-31 10:00:00,10,-376,17450
2016-10-31 11:00:00,0,-376,17440
2016-10-31 12:00:00,0,-376,17440
2016-10-31 13:00:00,0,-376,17440
2016-10-31 14:00:00,20,-356,17430
2016-10-31 15:00:00,10,-346,17410
2016-10-31 16:00:00,-30,-376,17400
2016-10-31 17:00:00,0,-376,17430
2016-10-31 18:00:00,-20,-396,17430
2016-10-31 19:00:00,-10,-406,17410
2016-10-31 20:00:00,0,-406,17400
2016-10-31 21:00:00,0,-406,17390
2016-11-01 00:00:00,0,-406,17390
2016-11-01 01:00:00,40,-366,17390
2016-11-01 02:00:00,-70,-436,17350
2016-11-01 03:00:00,10,-426,17420
2016-11-01 04:00:00,0,-426,17410
2016-11-01 05:00:00,-20,-446,17410
2016-11-01 06:00:00,10,-436,17430
2016-11-01 07:00:00,0,-436,17440
2016-11-01 08:00:00,0,-436,17440
2016-11-01 09:00:00,-20,-456,17450
2016-11-01 10:00:00,0,-456,17430
2016-11-01 11:00:00,0,-456,17430
2016-11-01 12:00:00,-20,-476,17440
2016-11-01 13:00:00,0,-476,17420
2016-11-01 14:00:00,30,-446,17420
2016-11-01 15:00:00,-30,-476,17390
2016-11-01 16:00:00,30,-446,17360
2016-11-01 17:00:00,70,-376,17330
2016-11-01 18:00:00,50,-326,17260
2016-11-01 19:00:00,30,-296,17210
2016-11-01 20:00:00,60,-236,17180
2016-11-01 21:00:00,0,-236,17240
2016-11-02 00:00:00,0,-236,17240
2016-11-02 01:00:00,-10,-246,17240
2016-11-02 02:00:00,0,-246,17250
2016-11-02 03:00:00,60,-186,17220
2016-11-02 04:00:00,-30,-216,17160
2016-11-02 05:00:00,30,-186,17130
2016-11-02 06:00:00,-40,-226,17100
2016-11-02 07:00:00,-40,-266,17140
2016-11-02 08:00:00,-10,-276,17100
2016-11-02 09:00:00,10,-266,17090
2016-11-02 10:00:00,10,-256,17080
2016-11-02 11:00:00,20,-236,17070
2016-11-02 12:00:00,-20,-256,17050
2016-11-02 13:00:00,0,-256,17070
2016-11-02 14:00:00,0,-256,17070
2016-11-02 15:00:00,0,-256,17080
2016-11-02 16:00:00,0,-256,17040
2016-11-02 17:00:00,0,-256,17010
2016-11-02 18:00:00,0,-256,17010
2016-11-02 19:00:00,0,-256,17010
2016-11-02 20:00:00,0,-256,17030
2016-11-02 21:00:00,0,-256,17010
2016-11-04 00:00:00,0,-256,17050
2016-11-04 01:00:00,0,-256,16980
2016-11-04 02:00:00,0,-256,16860
2016-11-04 03:00:00,-20,-276,16850
2016-11-04 04:00:00,0,-276,16870
2016-11-04 05:00:00,20,-256,16870
2016-11-04 06:00:00,-40,-296,16850
2016-11-04 07:00:00,0,-296,16890
2016-11-04 08:00:00,-20,-316,16890
2016-11-04 09:00:00,50,-266,16910
2016-11-04 10:00:00,30,-236,16860
2016-11-04 11:00:00,0,-236,16830
2016-11-04 12:00:00,0,-236,16840
2016-11-04 13:00:00,0,-236,16840
2016-11-04 14:00:00,-40,-276,16860
2016-11-04 15:00:00,70,-206,16820
2016-11-04 16:00:00,0,-206,16890
2016-11-04 17:00:00,50,-156,16860
2016-11-04 18:00:00,0,-156,16910
2016-11-04 19:00:00,0,-156,16910
2016-11-04 20:00:00,20,-136,16870
2016-11-04 21:00:00,-40,-176,16850
2016-11-07 00:00:00,-270,-446,16890
2016-11-07 01:00:00,70,-376,17160
2016-11-07 02:00:00,-40,-416,17090
2016-11-07 03:00:00,20,-396,17130
2016-11-07 04:00:00,-10,-406,17150
2016-11-07 05:00:00,10,-396,17160
2016-11-07 06:00:00,-40,-436,17150
2016-11-07 07:00:00,40,-396,17190
2016-11-07 08:00:00,20,-376,17230
2016-11-07 09:00:00,-10,-386,17250
2016-11-07 10:00:00,-10,-396,17240
2016-11-07 11:00:00,-10,-406,17250
2016-11-07 12:00:00,-10,-416,17240
2016-11-07 13:00:00,10,-406,17230
2016-11-07 14:00:00,-10,-416,17220
2016-11-07 15:00:00,-10,-426,17230
2016-11-07 16:00:00,20,-406,17240
2016-11-07 17:00:00,0,-406,17260
2016-11-07 18:00:00,0,-406,17260
2016-11-07 19:00:00,0,-406,17240
2016-11-07 20:00:00,10,-396,17250
2016-11-07 21:00:00,0,-396,17260
2016-11-08 00:00:00,0,-396,17260
2016-11-08 01:00:00,0,-396,17240
2016-11-08 02:00:00,50,-346,17200
2016-11-08 03:00:00,30,-316,17150
2016-11-08 04:00:00,-50,-366,17120
2016-11-08 05:00:00,10,-356,17170
2016-11-08 06:00:00,-10,-366,17180
2016-11-08 07:00:00,30,-336,17170
2016-11-08 08:00:00,0,-336,17200
2016-11-08 09:00:00,30,-306,17200
2016-11-08 10:00:00,10,-296,17230
2016-11-08 11:00:00,-10,-306,17240
2016-11-08 12:00:00,10,-296,17230
2016-11-08 13:00:00,-10,-306,17240
2016-11-08 14:00:00,-40,-346,17230
2016-11-08 15:00:00,0,-346,17190
2016-11-08 16:00:00,-30,-376,17190
2016-11-08 17:00:00,-70,-446,17220
2016-11-08 18:00:00,80,-366,17290
2016-11-08 19:00:00,-50,-416,17370
2016-11-08 20:00:00,30,-386,17320
2016-11-08 21:00:00,-20,-406,17290
2016-11-09 00:00:00,-20,-426,17310
2016-11-09 01:00:00,100,-326,17290
2016-11-09 02:00:00,-260,-586,17390
2016-11-09 03:00:00,430,-156,17130
2016-11-09 04:00:00,-360,-516,16700
2016-11-09 05:00:00,140,-376,16340
2016-11-09 06:00:00,-70,-446,16200
2016-11-09 07:00:00,-20,-466,16270
2016-11-09 08:00:00,440,-26,16250
2016-11-09 09:00:00,40,14,16690
2016-11-09 10:00:00,-20,-6,16730
2016-11-09 11:00:00,-80,-86,16750
2016-11-09 12:00:00,-10,-96,16670
2016-11-09 13:00:00,110,14,16660
2016-11-09 14:00:00,20,34,16770
2016-11-09 15:00:00,170,204,16790
2016-11-09 16:00:00,0,204,16960
2016-11-09 17:00:00,150,354,16960
2016-11-09 18:00:00,40,394,17110
2016-11-09 19:00:00,60,454,17150
2016-11-09 20:00:00,30,484,17210
2016-11-09 21:00:00,10,494,17240
2016-11-10 00:00:00,-30,464,17250
2016-11-10 01:00:00,-30,434,17220
2016-11-10 02:00:00,-20,414,17190
2016-11-10 03:00:00,-50,364,17170
2016-11-10 04:00:00,0,364,17220
2016-11-10 05:00:00,-80,284,17220
2016-11-10 06:00:00,-40,244,17300
2016-11-10 07:00:00,-40,204,17340
2016-11-10 08:00:00,60,264,17300
2016-11-10 09:00:00,80,344,17360
2016-11-10 10:00:00,30,374,17440
2016-11-10 11:00:00,-30,344,17470
2016-11-10 12:00:00,40,384,17500
2016-11-10 13:00:00,-50,334,17540
2016-11-10 14:00:00,10,344,17490
2016-11-10 15:00:00,-20,324,17480
2016-11-10 16:00:00,-140,184,17500
2016-11-10 17:00:00,-40,144,17360
2016-11-10 18:00:00,90,234,17400
2016-11-10 19:00:00,20,254,17490
2016-11-10 20:00:00,0,254,17510
2016-11-10 21:00:00,0,254,17510
2016-11-11 00:00:00,20,274,17510
2016-11-11 01:00:00,-20,254,17530
2016-11-11 02:00:00,60,314,17550
2016-11-11 03:00:00,-70,244,17490
2016-11-11 04:00:00,-30,214,17420
2016-11-11 05:00:00,-20,194,17390
2016-11-11 06:00:00,10,204,17370
2016-11-11 07:00:00,20,224,17380
2016-11-11 08:00:00,50,274,17400
2016-11-11 09:00:00,-40,234,17450
2016-11-11 10:00:00,-20,214,17410
2016-11-11 11:00:00,70,284,17390
2016-11-11 12:00:00,-30,254,17320
2016-11-11 13:00:00,70,324,17350
2016-11-11 14:00:00,-20,304,17420
2016-11-11 15:00:00,0,304,17400
2016-11-11 16:00:00,-20,284,17400
2016-11-11 17:00:00,-30,254,17380
2016-11-11 18:00:00,-10,244,17410
2016-11-11 19:00:00,0,244,17420
2016-11-11 20:00:00,0,244,17420
2016-11-11 21:00:00,0,244,17420
2016-11-14 00:00:00,-60,184,17430
2016-11-14 01:00:00,150,334,17490
2016-11-14 02:00:00,-30,304,17640
2016-11-14 03:00:00,-50,254,17610
2016-11-14 04:00:00,0,254,17660
2016-11-14 05:00:00,20,274,17660
2016-11-14 06:00:00,0,274,17680
2016-11-14 07:00:00,-20,254,17680
2016-11-14 08:00:00,-10,244,17660
2016-11-14 09:00:00,-30,214,17650
2016-11-14 10:00:00,-10,204,17680
2016-11-14 11:00:00,-30,174,17690
2016-11-14 12:00:00,-50,124,17660
2016-11-14 13:00:00,0,124,17610
2016-11-14 14:00:00,-30,94,17610
2016-11-14 15:00:00,30,124,17640
2016-11-14 16:00:00,-10,114,17670
2016-11-14 17:00:00,10,124,17680
2016-11-14 18:00:00,-40,84,17690
2016-11-14 19:00:00,30,114,17650
2016-11-14 20:00:00,50,164,17680
2016-11-14 21:00:00,0,164,17730
2016-11-15 00:00:00,-40,124,17730
2016-11-15 01:00:00,0,124,17690
2016-11-15 02:00:00,-10,114,17650
2016-11-15 03:00:00,-10,104,17660
2016-11-15 04:00:00,-10,94,17670
2016-11-15 05:00:00,-20,74,17680
2016-11-15 06:00:00,10,84,17660
2016-11-15 07:00:00,-20,64,17670
2016-11-15 08:00:00,0,64,17650
2016-11-15 09:00:00,0,64,17650
2016-11-15 10:00:00,0,64,17650
2016-11-15 11:00:00,20,84,17650
2016-11-15 12:00:00,0,84,17670
2016-11-15 13:00:00,0,84,17670
2016-11-15 14:00:00,-70,14,17670
2016-11-15 15:00:00,0,14,17740
2016-11-15 16:00:00,-50,-36,17740
2016-11-15 17:00:00,0,-36,17790
2016-11-15 18:00:00,0,-36,17790
2016-11-15 19:00:00,-30,-66,17790
2016-11-15 20:00:00,0,-66,17820
2016-11-15 21:00:00,-20,-86,17880
2016-11-16 00:00:00,20,-66,17860
2016-11-16 01:00:00,20,-46,17840
2016-11-16 02:00:00,-20,-66,17860
2016-11-16 03:00:00,-40,-106,17840
2016-11-16 04:00:00,-20,-126,17880
2016-11-16 05:00:00,0,-126,17860
2016-11-16 06:00:00,0,-126,17880
2016-11-16 07:00:00,0,-126,17880
2016-11-16 08:00:00,-10,-136,17880
2016-11-16 09:00:00,-30,-166,17870
2016-11-16 10:00:00,-30,-196,17900
2016-11-16 11:00:00,-10,-206,17930
2016-11-16 12:00:00,0,-206,17940
2016-11-16 13:00:00,60,-146,17930
2016-11-16 14:00:00,40,-106,17870
2016-11-16 15:00:00,-10,-116,17830
2016-11-16 16:00:00,50,-66,17840
2016-11-16 17:00:00,-50,-116,17890
2016-11-16 18:00:00,0,-116,17840
2016-11-16 19:00:00,0,-116,17840
2016-11-16 20:00:00,-20,-136,17860
2016-11-16 21:00:00,-30,-166,17840
2016-11-17 00:00:00,40,-126,17810
2016-11-17 01:00:00,-10,-136,17770
2016-11-17 02:00:00,-70,-206,17780
2016-11-17 03:00:00,-30,-236,17850
2016-11-17 04:00:00,-20,-256,17820
2016-11-17 05:00:00,0,-256,17840
2016-11-17 06:00:00,-30,-286,17840
2016-11-17 07:00:00,-10,-296,17870
2016-11-17 08:00:00,-30,-326,17880
2016-11-17 09:00:00,-10,-336,17850
2016-11-17 10:00:00,-10,-346,17860
2016-11-17 11:00:00,-10,-356,17850
2016-11-17 12:00:00,-20,-376,17860
2016-11-17 13:00:00,-30,-406,17840
2016-11-17 14:00:00,0,-406,17870
2016-11-17 15:00:00,0,-406,17900
2016-11-17 16:00:00,30,-376,17930
2016-11-17 17:00:00,60,-316,17960
2016-11-17 18:00:00,10,-306,18020
2016-11-17 19:00:00,50,-256,18030
2016-11-17 20:00:00,-10,-266,18080
2016-11-17 21:00:00,10,-256,18070
2016-11-18 00:00:00,0,-256,18080
2016-11-18 01:00:00,0,-256,18070
2016-11-18 02:00:00,-20,-276,18010
2016-11-18 03:00:00,0,-276,18030
2016-11-18 04:00:00,-20,-296,18030
2016-11-18 05:00:00,0,-296,18010
2016-11-18 06:00:00,0,-296,18010
2016-11-18 07:00:00,20,-276,17990
2016-11-18 08:00:00,-50,-326,17970
2016-11-18 09:00:00,-80,-406,18020
2016-11-18 10:00:00,-10,-416,17940
2016-11-18 11:00:00,-10,-426,17950
2016-11-18 12:00:00,10,-416,17940
2016-11-18 13:00:00,-30,-446,17930
2016-11-18 14:00:00,10,-436,17960
2016-11-18 15:00:00,0,-436,17970
2016-11-18 16:00:00,0,-436,17970
2016-11-18 17:00:00,-10,-446,17990
2016-11-18 18:00:00,30,-416,17980
2016-11-18 19:00:00,-10,-426,18010
2016-11-18 20:00:00,-20,-446,18000
2016-11-18 21:00:00,-20,-466,17980
2016-11-21 00:00:00,-40,-506,18000
2016-11-21 01:00:00,20,-486,18040
2016-11-21 02:00:00,10,-476,18060
2016-11-21 03:00:00,10,-466,18070
2016-11-21 04:00:00,10,-456,18080
2016-11-21 05:00:00,20,-436,18090
2016-11-21 06:00:00,0,-436,18110
2016-11-21 07:00:00,0,-436,18110
2016-11-21 08:00:00,0,-436,18100
2016-11-21 09:00:00,50,-386,18100
2016-11-21 10:00:00,10,-376,18050
2016-11-21 11:00:00,10,-366,18060
2016-11-21 12:00:00,-10,-376,18070
2016-11-21 13:00:00,-10,-386,18060
2016-11-21 14:00:00,20,-366,18050
2016-11-21 15:00:00,60,-306,18070
2016-11-21 16:00:00,-40,-346,18130
2016-11-21 17:00:00,-40,-386,18090
2016-11-21 18:00:00,10,-376,18130
2016-11-21 19:00:00,30,-346,18120
2016-11-21 20:00:00,0,-346,18150
2016-11-21 21:00:00,-10,-356,18150
2016-11-22 00:00:00,-60,-416,18140
2016-11-22 01:00:00,40,-376,18080
2016-11-22 02:00:00,0,-376,18120
2016-11-22 03:00:00,30,-346,18120
2016-11-22 04:00:00,-10,-356,18150
2016-11-22 05:00:00,10,-346,18140
2016-11-22 06:00:00,20,-326,18150
2016-11-22 07:00:00,20,-306,18170
2016-11-22 08:00:00,10,-296,18190
2016-11-22 09:00:00,0,-296,18200
2016-11-22 10:00:00,-20,-316,18210
2016-11-22 11:00:00,0,-316,18190
2016-11-22 12:00:00,-10,-326,18190
2016-11-22 13:00:00,20,-306,18180
2016-11-22 14:00:00,-10,-316,18200
2016-11-22 15:00:00,-20,-336,18210
2016-11-22 16:00:00,0,-336,18230
2016-11-22 17:00:00,30,-306,18230
2016-11-22 18:00:00,0,-306,18200
2016-11-22 19:00:00,0,-306,18200
2016-11-22 20:00:00,0,-306,18200
2016-11-22 21:00:00,0,-306,18200
2016-11-24 00:00:00,0,-306,18200
2016-11-24 01:00:00,30,-276,18360
2016-11-24 02:00:00,-30,-306,18330
2016-11-24 03:00:00,-20,-326,18360
2016-11-24 04:00:00,-10,-336,18380
2016-11-24 05:00:00,0,-336,18370
2016-11-24 06:00:00,30,-306,18370
2016-11-24 07:00:00,-30,-336,18340
2016-11-24 08:00:00,-60,-396,18370
2016-11-24 09:00:00,-10,-406,18430
2016-11-24 10:00:00,30,-376,18420
2016-11-24 11:00:00,-20,-396,18390
2016-11-24 12:00:00,-10,-406,18410
2016-11-24 13:00:00,10,-396,18420
2016-11-24 14:00:00,-10,-406,18410
2016-11-24 15:00:00,-10,-416,18420
2016-11-24 16:00:00,0,-416,18430
2016-11-24 17:00:00,0,-416,18430
2016-11-24 18:00:00,-10,-426,18430
2016-11-24 19:00:00,0,-426,18420
2016-11-24 20:00:00,0,-426,18420
2016-11-24 21:00:00,0,-426,18430
2016-11-25 00:00:00,-20,-446,18410
2016-11-25 01:00:00,0,-446,18390
2016-11-25 02:00:00,-30,-476,18440
2016-11-25 03:00:00,0,-476,18470
2016-11-25 04:00:00,0,-476,18470
2016-11-25 05:00:00,40,-436,18340
2016-11-25 06:00:00,90,-346,18300
2016-11-25 07:00:00,10,-336,18390
2016-11-25 08:00:00,-50,-386,18380
2016-11-25 09:00:00,40,-346,18330
2016-11-25 10:00:00,-40,-386,18290
2016-11-25 11:00:00,-40,-426,18330
2016-11-25 12:00:00,30,-396,18290
2016-11-25 13:00:00,0,-396,18320
2016-11-25 14:00:00,0,-396,18320
2016-11-25 15:00:00,0,-396,18320
2016-11-25 16:00:00,0,-396,18330
2016-11-25 17:00:00,-40,-436,18330
2016-11-25 18:00:00,10,-426,18370
2016-11-25 19:00:00,0,-426,18380
2016-11-25 20:00:00,0,-426,18380
2016-11-25 21:00:00,0,-426,18360
2016-11-28 00:00:00,-50,-476,18360
2016-11-28 01:00:00,-50,-526,18310
2016-11-28 02:00:00,-10,-536,18260
2016-11-28 03:00:00,10,-526,18250
2016-11-28 04:00:00,-70,-596,18240
2016-11-28 05:00:00,-30,-626,18310
2016-11-28 06:00:00,20,-606,18340
2016-11-28 07:00:00,-30,-636,18360
2016-11-28 08:00:00,40,-596,18330
2016-11-28 09:00:00,-40,-636,18290
2016-11-28 10:00:00,-40,-676,18250
2016-11-28 11:00:00,0,-676,18290
2016-11-28 12:00:00,10,-666,18290
2016-11-28 13:00:00,60,-606,18300
2016-11-28 14:00:00,-20,-626,18360
2016-11-28 15:00:00,-10,-636,18340
2016-11-28 16:00:00,60,-576,18330
2016-11-28 17:00:00,-30,-606,18270
2016-11-28 18:00:00,20,-586,18300
2016-11-28 19:00:00,-10,-596,18320
2016-11-28 20:00:00,-10,-606,18310
2016-11-28 21:00:00,-10,-616,18300
2016-11-29 00:00:00,-60,-676,18290
2016-11-29 01:00:00,-70,-746,18230
2016-11-29 02:00:00,10,-736,18300
2016-11-29 03:00:00,-4,-740,18310
2016-11-29 04:00:00,-6,-746,18306
2016-11-29 05:00:00,-10,-756,18300
2016-11-29 06:00:00,30,-726,18290
2016-11-29 07:00:00,-30,-756,18320
2016-11-29 08:00:00,-30,-786,18290
2016-11-29 09:00:00,-60,-846,18320
2016-11-29 10:00:00,10,-836,18380
2016-11-29 11:00:00,-20,-856,18390
2016-11-29 12:00:00,10,-846,18370
2016-11-29 13:00:00,40,-806,18380
2016-11-29 14:00:00,10,-796,18420
2016-11-29 15:00:00,-50,-846,18430
2016-11-29 16:00:00,40,-806,18380
2016-11-29 17:00:00,-10,-816,18420
2016-11-29 18:00:00,0,-816,18410
2016-11-29 19:00:00,-20,-836,18410
2016-11-29 20:00:00,10,-826,18390
2016-11-29 21:00:00,0,-826,18380
2016-11-30 00:00:00,20,-806,18380
2016-11-30 01:00:00,40,-766,18360
2016-11-30 02:00:00,0,-766,18320
2016-11-30 03:00:00,-10,-776,18320
2016-11-30 04:00:00,20,-756,18330
2016-11-30 05:00:00,-10,-766,18310
2016-11-30 06:00:00,10,-756,18320
2016-11-30 07:00:00,-70,-826,18310
2016-11-30 08:00:00,-20,-846,18380
2016-11-30 09:00:00,-30,-876,18400
2016-11-30 10:00:00,-10,-886,18430
2016-11-30 11:00:00,0,-886,18440
2016-11-30 12:00:00,-50,-936,18440
2016-11-30 13:00:00,-10,-946,18490
2016-11-30 14:00:00,-20,-966,18500
2016-11-30 15:00:00,-30,-996,18520
2016-11-30 16:00:00,-30,-1026,18550
2016-11-30 17:00:00,-40,-1066,18580
2016-11-30 18:00:00,10,-1056,18620
2016-11-30 19:00:00,-20,-1076,18610
2016-11-30 20:00:00,20,-1056,18630
2016-11-30 21:00:00,20,-1036,18610
2016-12-01 00:00:00,-10,-1046,18590
2016-12-01 01:00:00,-40,-1086,18600
2016-12-01 02:00:00,-80,-1166,18640
2016-12-01 03:00:00,-10,-1176,18720
2016-12-01 04:00:00,20,-1156,18730
2016-12-01 05:00:00,100,-1056,18710
2016-12-01 06:00:00,90,-966,18610
2016-12-01 07:00:00,120,-846,18520
2016-12-01 08:00:00,-110,-956,18400
2016-12-01 09:00:00,-30,-986,18510
2016-12-01 10:00:00,60,-926,18540
2016-12-01 11:00:00,-20,-946,18480
2016-12-01 12:00:00,-20,-966,18500
2016-12-01 13:00:00,10,-956,18520
2016-12-01 14:00:00,-10,-966,18510
2016-12-01 15:00:00,-40,-1006,18520
2016-12-01 16:00:00,50,-956,18560
2016-12-01 17:00:00,0,-956,18510
2016-12-01 18:00:00,20,-936,18510
2016-12-01 19:00:00,80,-856,18490
2016-12-01 20:00:00,-20,-876,18410
2016-12-01 21:00:00,20,-856,18430
2016-12-02 00:00:00,-20,-876,18410
2016-12-02 01:00:00,20,-856,18430
2016-12-02 02:00:00,0,-856,18410
2016-12-02 03:00:00,0,-856,18410
2016-12-02 04:00:00,20,-836,18410
2016-12-02 05:00:00,10,-826,18390
2016-12-02 06:00:00,-50,-876,18380
2016-12-02 07:00:00,100,-776,18430
2016-12-02 08:00:00,0,-776,18330
2016-12-02 09:00:00,30,-746,18330
2016-12-02 10:00:00,21,-725,18300
2016-12-02 11:00:00,31,-694,18279
2016-12-02 12:00:00,20,-674,18310
2016-12-02 13:00:00,20,-654,18330
2016-12-02 14:00:00,20,-634,18350
2016-12-02 15:00:00,-10,-644,18370
2016-12-02 16:00:00,-30,-674,18360
2016-12-02 17:00:00,20,-654,18390
2016-12-02 18:00:00,-10,-664,18370
2016-12-02 19:00:00,-20,-684,18380
2016-12-02 20:00:00,0,-684,18360
2016-12-02 21:00:00,20,-664,18360
2016-12-05 00:00:00,-10,-674,18340
2016-12-05 01:00:00,10,-664,18350
2016-12-05 02:00:00,30,-634,18340
2016-12-05 03:00:00,0,-634,18310
2016-12-05 04:00:00,60,-574,18310
2016-12-05 05:00:00,-20,-594,18250
2016-12-05 06:00:00,0,-594,18270
2016-12-05 07:00:00,10,-584,18270
2016-12-05 08:00:00,-130,-714,18260
2016-12-05 09:00:00,-128,-842,18390
2016-12-05 10:00:00,38,-804,18518
2016-12-05 11:00:00,12,-792,18480
2016-12-05 12:00:00,-2,-794,18468
2016-12-05 13:00:00,2,-792,18470
2016-12-05 14:00:00,-2,-794,18468
2016-12-05 15:00:00,28,-766,18470
2016-12-05 16:00:00,-42,-808,18498
2016-12-05 17:00:00,-60,-868,18540
2016-12-05 18:00:00,70,-798,18480
2016-12-05 19:00:00,10,-788,18410
2016-12-05 20:00:00,-10,-798,18400
2016-12-05 21:00:00,10,-788,18410
2016-12-06 00:00:00,40,-748,18420
2016-12-06 01:00:00,40,-708,18460
2016-12-06 02:00:00,-62,-770,18420
2016-12-06 03:00:00,9,-761,18358
2016-12-06 04:00:00,0,-761,18349
2016-12-06 05:00:00,10,-751,18366
2016-12-06 06:00:00,9,-742,18356
2016-12-06 07:00:00,35,-707,18365
2016-12-06 08:00:00,-30,-737,18400
2016-12-06 09:00:00,40,-697,18370
2016-12-06 10:00:00,-30,-727,18410
2016-12-06 11:00:00,5,-722,18440
2016-12-06 12:00:00,15,-707,18435
2016-12-06 13:00:00,20,-687,18420
2016-12-06 14:00:00,-10,-697,18400
2016-12-06 15:00:00,0,-697,18390
2016-12-06 16:00:00,-20,-717,18390
2016-12-06 17:00:00,0,-717,18410
2016-12-06 18:00:00,-20,-737,18410
2016-12-06 19:00:00,-20,-757,18430
2016-12-06 20:00:00,23,-734,18450
2016-12-06 21:00:00,-3,-737,18473
2016-12-07 00:00:00,-30,-767,18470
2016-12-07 01:00:00,40,-727,18440
2016-12-07 02:00:00,-43,-770,18480
2016-12-07 03:00:00,0,-770,18437
2016-12-07 04:00:00,-23,-793,18437
2016-12-07 05:00:00,0,-793,18460
2016-12-07 06:00:00,0,-793,18460
2016-12-07 07:00:00,0,-793,18500
2016-12-07 08:00:00,0,-793,18500
2016-12-07 09:00:00,-10,-803,18550
2016-12-07 10:00:00,-20,-823,18540
2016-12-07 11:00:00,20,-803,18520
2016-12-07 12:00:00,-20,-823,18540
2016-12-07 13:00:00,-10,-833,18520
2016-12-07 14:00:00,-20,-853,18530
2016-12-07 15:00:00,-18,-871,18510
2016-12-07 16:00:00,-38,-909,18528
2016-12-07 17:00:00,-27,-936,18490
2016-12-07 18:00:00,23,-913,18517
2016-12-07 19:00:00,90,-823,18540
2016-12-07 20:00:00,20,-803,18630
2016-12-07 21:00:00,0,-803,18650
2016-12-08 00:00:00,20,-783,18650
2016-12-08 01:00:00,0,-783,18670
2016-12-08 02:00:00,-59,-842,18699
2016-12-08 03:00:00,-40,-882,18640
2016-12-08 04:00:00,-30,-912,18680
2016-12-08 05:00:00,0,-912,18650
2016-12-08 06:00:00,90,-822,18671
2016-12-08 07:00:00,29,-793,18761
2016-12-08 08:00:00,-80,-873,18790
2016-12-08 09:00:00,-50,-923,18710
2016-12-08 10:00:00,0,-923,18660
2016-12-08 11:00:00,30,-893,18660
2016-12-08 12:00:00,0,-893,18690
2016-12-08 13:00:00,50,-843,18690
2016-12-08 14:00:00,-50,-893,18740
2016-12-08 15:00:00,30,-863,18790
2016-12-08 16:00:00,-10,-873,18820
2016-12-08 17:00:00,-20,-893,18830
2016-12-08 18:00:00,40,-853,18810
2016-12-08 19:00:00,10,-843,18850
2016-12-08 20:00:00,-40,-883,18860
2016-12-08 21:00:00,0,-883,18820
2016-12-09 00:00:00,-60,-943,18820
2016-12-09 01:00:00,0,-943,18760
2016-12-09 02:00:00,60,-883,18850
2016-12-09 03:00:00,-20,-903,18910
2016-12-09 04:00:00,10,-893,18930
2016-12-09 05:00:00,0,-893,18940
2016-12-09 06:00:00,40,-853,18940
2016-12-09 07:00:00,10,-843,18980
2016-12-09 08:00:00,-50,-893,18990
2016-12-09 09:00:00,-10,-903,18940
2016-12-09 10:00:00,0,-903,18950
2016-12-09 11:00:00,0,-903,18950
2016-12-09 12:00:00,80,-823,18980
2016-12-09 13:00:00,30,-793,19060
2016-12-09 14:00:00,10,-783,19090
2016-12-09 15:00:00,10,-773,19100
2016-12-09 16:00:00,30,-743,19110
2016-12-09 17:00:00,-30,-773,19140
2016-12-09 18:00:00,10,-763,19170
2016-12-09 19:00:00,10,-753,19160
2016-12-09 20:00:00,0,-753,19170
2016-12-09 21:00:00,0,-753,19170
2016-12-12 00:00:00,0,-753,19170
2016-12-12 01:00:00,40,-713,19170
2016-12-12 02:00:00,-20,-733,19210
2016-12-12 03:00:00,-130,-863,19190
2016-12-12 04:00:00,20,-843,19060
2016-12-12 05:00:00,60,-783,19080
2016-12-12 06:00:00,-20,-803,19140
2016-12-12 07:00:00,70,-733,19120
2016-12-12 08:00:00,10,-723,19190
2016-12-12 09:00:00,10,-713,19200
2016-12-12 10:00:00,-10,-723,19210
2016-12-12 11:00:00,-10,-733,19200
2016-12-12 12:00:00,10,-723,19190
2016-12-12 13:00:00,10,-713,19180
2016-12-12 14:00:00,10,-703,19190
2016-12-12 15:00:00,10,-693,19180
2016-12-12 16:00:00,-20,-713,19190
2016-12-12 17:00:00,30,-683,19170
2016-12-12 18:00:00,0,-683,19140
2016-12-12 19:00:00,0,-683,19070
2016-12-12 20:00:00,-20,-703,19060
2016-12-12 21:00:00,40,-663,19080
2016-12-13 00:00:00,-10,-673,19040
2016-12-13 01:00:00,50,-623,19050
2016-12-13 02:00:00,0,-623,19100
2016-12-13 03:00:00,10,-613,19100
2016-12-13 04:00:00,-20,-633,19090
2016-12-13 05:00:00,50,-583,19110
2016-12-13 06:00:00,60,-523,19160
2016-12-13 07:00:00,-20,-543,19220
2016-12-13 08:00:00,-10,-553,19200
2016-12-13 09:00:00,-30,-583,19190
2016-12-13 10:00:00,20,-563,19220
2016-12-13 11:00:00,20,-543,19240
2016-12-13 12:00:00,-20,-563,19260
2016-12-13 13:00:00,-10,-573,19240
2016-12-13 14:00:00,-30,-603,19250
2016-12-13 15:00:00,0,-603,19220
2016-12-13 16:00:00,0,-603,19270
2016-12-13 17:00:00,-10,-613,19270
2016-12-13 18:00:00,10,-603,19280
2016-12-13 19:00:00,0,-603,19290
2016-12-13 20:00:00,-20,-623,19300
2016-12-13 21:00:00,-10,-633,19280
2016-12-14 00:00:00,-50,-683,19290
2016-12-14 01:00:00,0,-683,19240
2016-12-14 02:00:00,0,-683,19180
2016-12-14 03:00:00,-30,-713,19180
2016-12-14 04:00:00,-10,-723,19210
2016-12-14 05:00:00,10,-713,19220
2016-12-14 06:00:00,-20,-733,19230
2016-12-14 07:00:00,30,-703,19210
2016-12-14 08:00:00,20,-683,19180
2016-12-14 09:00:00,-10,-693,19160
2016-12-14 10:00:00,0,-693,19170
2016-12-14 11:00:00,0,-693,19170
2016-12-14 12:00:00,0,-693,19170
2016-12-14 13:00:00,-10,-703,19160
2016-12-14 15:00:00,30,-673,19170
2016-12-14 16:00:00,0,-673,19140
2016-12-14 17:00:00,0,-673,19140
2016-12-14 18:00:00,-10,-683,19140
2016-12-14 19:00:00,-70,-753,19150
2016-12-14 20:00:00,80,-673,19220
2016-12-14 21:00:00,-40,-713,19300
2016-12-15 00:00:00,30,-683,19260
2016-12-15 01:00:00,-20,-703,19290
2016-12-15 02:00:00,-20,-723,19270
2016-12-15 03:00:00,100,-623,19250
2016-12-15 04:00:00,20,-603,19150
2016-12-15 05:00:00,-140,-743,19170
2016-12-15 06:00:00,-60,-803,19310
2016-12-15 07:00:00,40,-763,19250
2016-12-15 08:00:00,40,-723,19290
2016-12-15 09:00:00,-10,-733,19330
2016-12-15 10:00:00,20,-713,19320
2016-12-15 11:00:00,70,-643,19340
2016-12-15 12:00:00,0,-643,19410
2016-12-15 13:00:00,0,-643,19410
2016-12-15 14:00:00,-50,-693,19410
2016-12-15 15:00:00,0,-693,19360
2016-12-15 16:00:00,50,-643,19440
2016-12-15 17:00:00,-30,-673,19490
2016-12-15 18:00:00,0,-673,19460
2016-12-15 19:00:00,40,-633,19410
2016-12-15 20:00:00,30,-603,19370
2016-12-15 21:00:00,30,-573,19400
2016-12-16 00:00:00,0,-573,19430
2016-12-16 01:00:00,0,-573,19390
2016-12-16 02:00:00,0,-573,19350
2016-12-16 03:00:00,0,-573,19350
2016-12-16 04:00:00,0,-573,19360
2016-12-16 05:00:00,-10,-583,19350
2016-12-16 06:00:00,-20,-603,19360
2016-12-16 07:00:00,0,-603,19380
2016-12-16 08:00:00,-10,-613,19380
2016-12-16 09:00:00,10,-603,19370
2016-12-16 10:00:00,30,-573,19360
2016-12-16 11:00:00,-60,-633,19330
2016-12-16 12:00:00,20,-613,19390
2016-12-16 13:00:00,-10,-623,19370
2016-12-16 14:00:00,0,-623,19360
2016-12-16 15:00:00,-10,-633,19350
2016-12-16 16:00:00,-20,-653,19360
2016-12-16 17:00:00,-90,-743,19380
2016-12-16 18:00:00,-40,-783,19290
2016-12-16 19:00:00,-20,-803,19250
2016-12-16 20:00:00,-20,-823,19270
2016-12-16 21:00:00,30,-793,19290
2016-12-19 00:00:00,-40,-833,19260
2016-12-19 01:00:00,10,-823,19300
2016-12-19 02:00:00,0,-823,19310
2016-12-19 03:00:00,10,-813,19310
2016-12-19 04:00:00,10,-803,19320
2016-12-19 05:00:00,10,-793,19330
2016-12-19 06:00:00,20,-773,19340
2016-12-19 07:00:00,10,-763,19360
2016-12-19 08:00:00,10,-753,19370
2016-12-19 09:00:00,20,-733,19380
2016-12-19 10:00:00,0,-733,19400
2016-12-19 11:00:00,10,-723,19400
2016-12-19 12:00:00,20,-703,19390
2016-12-19 13:00:00,0,-703,19370
2016-12-19 14:00:00,30,-673,19370
2016-12-19 15:00:00,10,-663,19340
2016-12-19 16:00:00,0,-663,19350
2016-12-19 17:00:00,0,-663,19350
2016-12-19 18:00:00,-20,-683,19290
2016-12-19 19:00:00,40,-643,19310
2016-12-19 20:00:00,10,-633,19350
2016-12-19 21:00:00,-20,-653,19360
2016-12-20 00:00:00,-10,-663,19340
2016-12-20 01:00:00,-40,-703,19330
2016-12-20 02:00:00,-30,-733,19370
2016-12-20 03:00:00,-50,-783,19340
2016-12-20 04:00:00,-20,-803,19390
2016-12-20 05:00:00,90,-713,19370
2016-12-20 06:00:00,0,-713,19460
2016-12-20 07:00:00,40,-673,19460
2016-12-20 08:00:00,20,-653,19500
2016-12-20 09:00:00,50,-603,19520
2016-12-20 10:00:00,-20,-623,19570
2016-12-20 11:00:00,-10,-633,19550
2016-12-20 12:00:00,-10,-643,19540
2016-12-20 13:00:00,-30,-673,19550
2016-12-20 14:00:00,10,-663,19580
2016-12-20 15:00:00,10,-653,19590
2016-12-20 16:00:00,-10,-663,19600
2016-12-20 17:00:00,40,-623,19610
2016-12-20 18:00:00,-20,-643,19570
2016-12-20 19:00:00,-10,-653,19550
2016-12-20 20:00:00,-10,-663,19560
2016-12-20 21:00:00,0,-663,19550
2016-12-21 00:00:00,40,-623,19550
2016-12-21 01:00:00,-30,-653,19510
2016-12-21 02:00:00,40,-613,19540
2016-12-21 03:00:00,-20,-633,19500
2016-12-21 04:00:00,30,-603,19480
2016-12-21 05:00:00,-140,-743,19510
2016-12-21 06:00:00,50,-693,19370
2016-12-21 07:00:00,-10,-703,19420
2016-12-21 08:00:00,0,-703,19430
2016-12-21 09:00:00,-10,-713,19430
2016-12-21 10:00:00,-30,-743,19440
2016-12-21 11:00:00,-10,-753,19410
2016-12-21 12:00:00,-40,-793,19400
2016-12-21 13:00:00,-10,-803,19360
2016-12-21 14:00:00,10,-793,19370
2016-12-21 15:00:00,0,-793,19360
2016-12-21 16:00:00,-40,-833,19380
2016-12-21 17:00:00,10,-823,19420
2016-12-21 18:00:00,0,-823,19430
2016-12-21 19:00:00,0,-823,19430
2016-12-21 20:00:00,0,-823,19410
2016-12-21 21:00:00,0,-823,19410
2016-12-22 00:00:00,-50,-873,19420
2016-12-22 01:00:00,30,-843,19370
2016-12-22 02:00:00,0,-843,19340
2016-12-22 03:00:00,-20,-863,19340
2016-12-22 04:00:00,-30,-893,19360
2016-12-22 05:00:00,-10,-903,19330
2016-12-22 06:00:00,30,-873,19340
2016-12-22 07:00:00,-10,-883,19370
2016-12-22 08:00:00,10,-873,19360
2016-12-22 09:00:00,10,-863,19370
2016-12-22 10:00:00,-20,-883,19360
2016-12-22 11:00:00,-10,-893,19380
2016-12-22 12:00:00,0,-893,19370
2016-12-22 13:00:00,10,-883,19370
2016-12-22 14:00:00,0,-883,19380
2016-12-22 15:00:00,-40,-923,19400
2016-12-22 16:00:00,0,-923,19360
2016-12-22 17:00:00,-10,-933,19360
2016-12-22 18:00:00,0,-933,19350
2016-12-22 19:00:00,30,-903,19350
2016-12-22 20:00:00,0,-903,19380
2016-12-22 21:00:00,20,-883,19380
2016-12-26 00:00:00,-30,-913,19360
2016-12-26 01:00:00,-30,-943,19390
2016-12-26 02:00:00,10,-933,19360
2016-12-26 03:00:00,20,-913,19370
2016-12-26 04:00:00,-10,-923,19390
2016-12-26 05:00:00,0,-923,19380
2016-12-26 06:00:00,-10,-933,19380
2016-12-26 07:00:00,-50,-983,19370
2016-12-26 08:00:00,-10,-993,19320
2016-12-26 09:00:00,-10,-1003,19310
2016-12-26 10:00:00,-10,-1013,19300
2016-12-26 11:00:00,0,-1013,19310
2016-12-26 12:00:00,0,-1013,19310
2016-12-26 13:00:00,0,-1013,19310
2016-12-26 14:00:00,-10,-1023,19310
2016-12-26 15:00:00,10,-1013,19320
2016-12-26 16:00:00,0,-1013,19310
2016-12-26 17:00:00,0,-1013,19310
2016-12-26 18:00:00,-10,-1023,19310
2016-12-26 19:00:00,0,-1023,19320
2016-12-26 20:00:00,0,-1023,19320
2016-12-26 21:00:00,-20,-1043,19320
2016-12-27 00:00:00,-10,-1053,19340
2016-12-27 01:00:00,-60,-1113,19330
2016-12-27 02:00:00,20,-1093,19390
2016-12-27 03:00:00,20,-1073,19410
2016-12-27 04:00:00,-30,-1103,19430
2016-12-27 05:00:00,-30,-1133,19400
2016-12-27 06:00:00,0,-1133,19370
2016-12-27 07:00:00,30,-1103,19370
2016-12-27 08:00:00,-20,-1123,19340
2016-12-27 09:00:00,0,-1123,19360
2016-12-27 10:00:00,0,-1123,19360
2016-12-27 11:00:00,10,-1113,19360
2016-12-27 12:00:00,10,-1103,19370
2016-12-27 13:00:00,0,-1103,19380
2016-12-27 14:00:00,0,-1103,19380
2016-12-27 15:00:00,40,-1063,19380
2016-12-27 16:00:00,0,-1063,19420
2016-12-27 17:00:00,-30,-1093,19430
2016-12-27 18:00:00,-10,-1103,19400
2016-12-27 19:00:00,-10,-1113,19390
2016-12-27 20:00:00,0,-1113,19400
2016-12-27 21:00:00,20,-1093,19400
2016-12-28 00:00:00,-10,-1103,19420
2016-12-28 01:00:00,-30,-1133,19410
2016-12-28 02:00:00,10,-1123,19380
2016-12-28 03:00:00,30,-1093,19390
2016-12-28 04:00:00,-10,-1103,19420
2016-12-28 05:00:00,20,-1083,19410
2016-12-28 06:00:00,-30,-1113,19430
2016-12-28 07:00:00,30,-1083,19400
2016-12-28 08:00:00,20,-1063,19430
2016-12-28 09:00:00,0,-1063,19450
2016-12-28 10:00:00,0,-1063,19450
2016-12-28 11:00:00,20,-1043,19450
2016-12-28 12:00:00,-10,-1053,19470
2016-12-28 13:00:00,0,-1053,19460
2016-12-28 14:00:00,0,-1053,19460
2016-12-28 15:00:00,-30,-1083,19460
2016-12-28 16:00:00,-20,-1103,19430
2016-12-28 17:00:00,10,-1093,19410
2016-12-28 18:00:00,-30,-1123,19420
2016-12-28 19:00:00,50,-1073,19390
2016-12-28 20:00:00,10,-1063,19340
2016-12-28 21:00:00,0,-1063,19330
2016-12-29 00:00:00,-10,-1073,19300
2016-12-29 01:00:00,80,-993,19310
2016-12-29 02:00:00,60,-933,19230
2016-12-29 03:00:00,-20,-953,19170
2016-12-29 04:00:00,40,-913,19190
2016-12-29 05:00:00,-10,-923,19150
2016-12-29 06:00:00,0,-923,19140
2016-12-29 07:00:00,70,-853,19140
2016-12-29 08:00:00,-50,-903,19070
2016-12-29 09:00:00,-50,-953,19020
2016-12-29 10:00:00,40,-913,19070
2016-12-29 11:00:00,-10,-923,19030
2016-12-29 12:00:00,0,-923,19040
2016-12-29 13:00:00,-30,-953,19040
2016-12-29 14:00:00,20,-933,19070
2016-12-29 15:00:00,0,-933,19050
2016-12-29 16:00:00,40,-893,19050
2016-12-29 17:00:00,-60,-953,19010
2016-12-29 18:00:00,-10,-963,18950
2016-12-29 19:00:00,0,-963,18960
2016-12-29 20:00:00,40,-923,18960
2016-12-29 21:00:00,0,-923,19000
2016-12-30 00:00:00,0,-923,19000
2016-12-30 01:00:00,0,-923,18990
2016-12-30 02:00:00,30,-893,19000
2016-12-30 03:00:00,40,-853,19030
2016-12-30 04:00:00,-50,-903,19070
2016-12-30 05:00:00,10,-893,19120
2016-12-30 06:00:00,-40,-933,19130
2016-12-30 07:00:00,0,-933,19090
2016-12-30 08:00:00,-10,-943,19090
2016-12-30 09:00:00,20,-923,19100
2016-12-30 10:00:00,-10,-933,19080
2016-12-30 11:00:00,10,-923,19070
2016-12-30 12:00:00,0,-923,19080
2016-12-30 13:00:00,40,-883,19080
2016-12-30 14:00:00,-20,-903,19120
2016-12-30 15:00:00,-50,-953,19100
2016-12-30 16:00:00,-10,-963,19050
2016-12-30 17:00:00,-20,-983,19040
2016-12-30 18:00:00,-20,-1003,19060
2016-12-30 19:00:00,10,-993,19040
2016-12-30 20:00:00,-30,-1023,19050
2016-12-30 21:00:00,20,-1003,19020
2017-01-04 00:00:00,230,-773,19040
2017-01-04 01:00:00,-170,-943,19270
2017-01-04 02:00:00,60,-883,19440
2017-01-04 03:00:00,0,-883,19500
2017-01-04 04:00:00,20,-863,19500
2017-01-04 05:00:00,40,-823,19520
2017-01-04 06:00:00,20,-803,19560
2017-01-04 07:00:00,50,-753,19580
2017-01-04 08:00:00,-10,-763,19630
2017-01-04 09:00:00,-50,-813,19620
2017-01-04 10:00:00,-10,-823,19570
2017-01-04 11:00:00,-10,-833,19580
2017-01-04 12:00:00,0,-833,19570
2017-01-04 13:00:00,10,-823,19570
2017-01-04 14:00:00,10,-813,19580
2017-01-04 15:00:00,-40,-853,19590
2017-01-04 16:00:00,0,-853,19550
2017-01-04 17:00:00,50,-803,19560
2017-01-04 18:00:00,-20,-823,19610
2017-01-04 19:00:00,0,-823,19590
2017-01-04 20:00:00,-60,-883,19590
2017-01-04 21:00:00,-10,-893,19650
2017-01-05 00:00:00,0,-893,19660
2017-01-05 01:00:00,-50,-943,19590
2017-01-05 02:00:00,0,-943,19540
2017-01-05 03:00:00,0,-943,19540
2017-01-05 04:00:00,10,-933,19510
2017-01-05 05:00:00,0,-933,19500
2017-01-05 06:00:00,-30,-963,19480
2017-01-05 07:00:00,10,-953,19510
2017-01-05 08:00:00,70,-883,19500
2017-01-05 09:00:00,60,-823,19430
2017-01-05 10:00:00,-50,-873,19490
2017-01-05 11:00:00,10,-863,19540
2017-01-05 12:00:00,0,-863,19550
2017-01-05 13:00:00,0,-863,19540
2017-01-05 14:00:00,30,-833,19510
2017-01-05 15:00:00,-30,-863,19480
2017-01-05 16:00:00,-70,-933,19510
2017-01-05 17:00:00,-50,-983,19440
2017-01-05 18:00:00,20,-963,19390
2017-01-05 19:00:00,-10,-973,19410
2017-01-05 20:00:00,20,-953,19420
2017-01-05 21:00:00,0,-953,19440
2017-01-06 00:00:00,90,-863,19430
2017-01-06 01:00:00,80,-783,19340
2017-01-06 02:00:00,0,-783,19420
2017-01-06 03:00:00,0,-783,19430
2017-01-06 04:00:00,0,-783,19430
2017-01-06 05:00:00,0,-783,19430
2017-01-06 06:00:00,0,-783,19430
2017-01-06 07:00:00,0,-783,19450
2017-01-06 08:00:00,0,-783,19400
2017-01-06 09:00:00,0,-783,19450
2017-01-06 10:00:00,-10,-793,19420
2017-01-06 11:00:00,0,-793,19410
2017-01-06 12:00:00,0,-793,19410
2017-01-06 13:00:00,20,-773,19430
2017-01-06 14:00:00,0,-773,19410
2017-01-06 15:00:00,0,-773,19540
2017-01-06 16:00:00,-10,-783,19550
2017-01-06 17:00:00,-40,-823,19540
2017-01-06 18:00:00,-20,-843,19580
2017-01-06 19:00:00,-10,-853,19600
2017-01-06 20:00:00,-10,-863,19610
2017-01-06 21:00:00,0,-863,19600
2017-01-10 00:00:00,-210,-1073,19600
2017-01-10 01:00:00,10,-1063,19390
2017-01-10 02:00:00,-30,-1093,19380
2017-01-10 03:00:00,-50,-1143,19410
2017-01-10 04:00:00,110,-1033,19360
2017-01-10 05:00:00,60,-973,19250
2017-01-10 06:00:00,-20,-993,19310
2017-01-10 07:00:00,20,-973,19290
2017-01-10 08:00:00,30,-943,19310
2017-01-10 09:00:00,-20,-963,19340
2017-01-10 10:00:00,-50,-1013,19320
2017-01-10 11:00:00,0,-1013,19370
2017-01-10 12:00:00,-20,-1033,19370
2017-01-10 13:00:00,-20,-1053,19350
2017-01-10 14:00:00,0,-1053,19370
2017-01-10 15:00:00,60,-993,19370
2017-01-10 16:00:00,-20,-1013,19310
2017-01-10 17:00:00,40,-973,19330
2017-01-10 18:00:00,0,-973,19370
2017-01-10 19:00:00,-20,-993,19370
2017-01-10 20:00:00,0,-993,19350
2017-01-10 21:00:00,0,-993,19340
2017-01-11 00:00:00,20,-973,19340
2017-01-11 01:00:00,0,-973,19360
2017-01-11 02:00:00,-10,-983,19360
2017-01-11 03:00:00,10,-973,19350
2017-01-11 04:00:00,0,-973,19360
2017-01-11 05:00:00,-20,-993,19360
2017-01-11 06:00:00,-10,-1003,19340
2017-01-11 07:00:00,0,-1003,19350
2017-01-11 08:00:00,0,-1003,19350
2017-01-11 09:00:00,-20,-1023,19350
2017-01-11 10:00:00,50,-973,19330
2017-01-11 11:00:00,-20,-993,19380
2017-01-11 12:00:00,0,-993,19400
2017-01-11 13:00:00,0,-993,19400
2017-01-11 14:00:00,10,-983,19390
2017-01-11 15:00:00,80,-903,19380
2017-01-11 16:00:00,0,-903,19460
2017-01-11 17:00:00,0,-903,19440
2017-01-11 18:00:00,170,-733,19450
2017-01-11 19:00:00,-50,-783,19280
2017-01-11 20:00:00,-60,-843,19230
2017-01-11 21:00:00,40,-803,19290
2017-01-12 00:00:00,-80,-883,19330
2017-01-12 01:00:00,130,-753,19250
2017-01-12 02:00:00,-70,-823,19120
2017-01-12 03:00:00,-20,-843,19190
2017-01-12 04:00:00,-90,-933,19170
2017-01-12 05:00:00,-30,-963,19080
2017-01-12 06:00:00,10,-953,19110
2017-01-12 07:00:00,-10,-963,19120
2017-01-12 08:00:00,-10,-973,19110
2017-01-12 09:00:00,-80,-1053,19100
2017-01-12 10:00:00,40,-1013,19020
2017-01-12 11:00:00,30,-983,19060
2017-01-12 12:00:00,-30,-1013,19090
2017-01-12 13:00:00,0,-1013,19120
2017-01-12 14:00:00,40,-973,19090
2017-01-12 15:00:00,-80,-1053,19130
2017-01-12 16:00:00,60,-993,19050
2017-01-12 17:00:00,-10,-1003,18990
2017-01-12 18:00:00,60,-943,18980
2017-01-12 19:00:00,70,-873,19040
2017-01-12 20:00:00,50,-823,19110
2017-01-12 21:00:00,-10,-833,19160
2017-01-13 00:00:00,-20,-853,19150
2017-01-13 01:00:00,30,-823,19170
2017-01-13 02:00:00,-20,-843,19200
2017-01-13 03:00:00,50,-793,19220
2017-01-13 04:00:00,0,-793,19270
2017-01-13 05:00:00,-30,-823,19270
2017-01-13 06:00:00,-20,-843,19240
2017-01-13 07:00:00,10,-833,19260
2017-01-13 08:00:00,-20,-853,19250
2017-01-13 09:00:00,0,-853,19230
2017-01-13 10:00:00,10,-843,19230
2017-01-13 11:00:00,-10,-853,19220
2017-01-13 12:00:00,10,-843,19230
2017-01-13 13:00:00,0,-843,19240
2017-01-13 14:00:00,0,-843,19240
2017-01-13 15:00:00,0,-843,19270
2017-01-13 16:00:00,-10,-853,19330
2017-01-13 17:00:00,0,-853,19320
2017-01-13 18:00:00,30,-823,19320
2017-01-13 19:00:00,0,-823,19290
2017-01-13 20:00:00,0,-823,19260
2017-01-13 21:00:00,0,-823,19240
2017-01-16 00:00:00,-40,-863,19250
2017-01-16 01:00:00,-20,-883,19210
2017-01-16 02:00:00,60,-823,19190
2017-01-16 03:00:00,-80,-903,19130
2017-01-16 04:00:00,0,-903,19050
2017-01-16 05:00:00,60,-843,19050
2017-01-16 06:00:00,-20,-863,19110
2017-01-16 07:00:00,-30,-893,19090
2017-01-16 08:00:00,20,-873,19060
2017-01-16 09:00:00,0,-873,19080
2017-01-16 10:00:00,10,-863,19080
2017-01-16 11:00:00,0,-863,19090
2017-01-16 12:00:00,0,-863,19090
2017-01-16 13:00:00,0,-863,19080
2017-01-16 14:00:00,0,-863,19080
2017-01-16 15:00:00,0,-863,19080
2017-01-16 16:00:00,0,-863,19050
2017-01-16 17:00:00,-20,-883,19050
2017-01-16 18:00:00,10,-873,19030
2017-01-16 19:00:00,10,-863,19040
2017-01-16 20:00:00,0,-863,19050
2017-01-16 21:00:00,0,-863,19050
2017-01-17 00:00:00,10,-853,19050
2017-01-17 01:00:00,-170,-1023,19060
2017-01-17 02:00:00,-120,-1143,18890
2017-01-17 03:00:00,-50,-1193,19010
2017-01-17 04:00:00,-20,-1213,18960
2017-01-17 05:00:00,20,-1193,18940
2017-01-17 06:00:00,-120,-1313,18920
2017-01-17 07:00:00,70,-1243,18800
2017-01-17 08:00:00,20,-1223,18730
2017-01-17 09:00:00,0,-1223,18750
2017-01-17 10:00:00,30,-1193,18750
2017-01-17 11:00:00,10,-1183,18720
2017-01-17 12:00:00,0,-1183,18710
2017-01-17 13:00:00,-140,-1323,18710
2017-01-17 14:00:00,-60,-1383,18850
2017-01-17 15:00:00,40,-1343,18790
2017-01-17 16:00:00,-80,-1423,18750
2017-01-17 17:00:00,50,-1373,18830
2017-01-17 18:00:00,-10,-1383,18780
2017-01-17 19:00:00,0,-1383,18790
2017-01-17 20:00:00,-70,-1453,18770
2017-01-17 21:00:00,-10,-1463,18700
2017-01-18 00:00:00,40,-1423,18710
2017-01-18 01:00:00,-100,-1523,18750
2017-01-18 02:00:00,-50,-1573,18650
2017-01-18 03:00:00,-50,-1623,18700
2017-01-18 04:00:00,30,-1593,18750
2017-01-18 05:00:00,20,-1573,18780
2017-01-18 06:00:00,90,-1483,18800
2017-01-18 07:00:00,0,-1483,18890
2017-01-18 08:00:00,0,-1483,18830
2017-01-18 09:00:00,10,-1473,18830
2017-01-18 10:00:00,0,-1473,18820
2017-01-18 11:00:00,-40,-1513,18800
2017-01-18 12:00:00,-10,-1523,18840
2017-01-18 13:00:00,-20,-1543,18830
2017-01-18 14:00:00,20,-1523,18850
2017-01-18 15:00:00,-30,-1553,18870
2017-01-18 16:00:00,-10,-1563,18840
2017-01-18 17:00:00,-10,-1573,18830
2017-01-18 18:00:00,-10,-1583,18840
2017-01-18 19:00:00,-30,-1613,18830
2017-01-18 20:00:00,10,-1603,18860
2017-01-18 21:00:00,70,-1533,18870
2017-01-19 00:00:00,110,-1423,18940
2017-01-19 01:00:00,30,-1393,19050
2017-01-19 02:00:00,10,-1383,19080
2017-01-19 03:00:00,-40,-1423,19090
2017-01-19 04:00:00,20,-1403,19050
2017-01-19 05:00:00,-30,-1433,19030
2017-01-19 06:00:00,0,-1433,19060
2017-01-19 07:00:00,0,-1433,19060
2017-01-19 08:00:00,20,-1413,19100
2017-01-19 09:00:00,-50,-1463,19120
2017-01-19 10:00:00,10,-1453,19070
2017-01-19 11:00:00,10,-1443,19060
2017-01-19 12:00:00,0,-1443,19070
2017-01-19 13:00:00,0,-1443,19070
2017-01-19 14:00:00,0,-1443,19070
2017-01-19 15:00:00,0,-1443,19110
2017-01-19 16:00:00,-40,-1483,19170
2017-01-19 17:00:00,0,-1483,19130
2017-01-19 18:00:00,0,-1483,19130
2017-01-19 19:00:00,0,-1483,19150
2017-01-19 20:00:00,80,-1403,19090
2017-01-19 21:00:00,-30,-1433,19010
2017-01-20 00:00:00,0,-1433,19040
2017-01-20 01:00:00,-70,-1503,19040
2017-01-20 02:00:00,-50,-1553,19110
2017-01-20 03:00:00,-10,-1563,19060
2017-01-20 04:00:00,0,-1563,19070
2017-01-20 05:00:00,50,-1513,19070
2017-01-20 06:00:00,20,-1493,19120
2017-01-20 07:00:00,20,-1473,19140
2017-01-20 08:00:00,10,-1463,19160
2017-01-20 09:00:00,30,-1433,19170
2017-01-20 10:00:00,0,-1433,19200
2017-01-20 11:00:00,-20,-1453,19220
2017-01-20 12:00:00,0,-1453,19240
2017-01-20 13:00:00,0,-1453,19240
2017-01-20 14:00:00,20,-1433,19230
2017-01-20 15:00:00,50,-1383,19210
2017-01-20 16:00:00,30,-1353,19260
2017-01-20 17:00:00,-10,-1363,19230
2017-01-20 18:00:00,-60,-1423,19240
2017-01-20 19:00:00,10,-1413,19180
2017-01-20 20:00:00,-100,-1513,19170
2017-01-20 21:00:00,-20,-1533,19070
2017-01-23 00:00:00,150,-1383,19090
2017-01-23 01:00:00,-20,-1403,18940
2017-01-23 02:00:00,-20,-1423,18920
2017-01-23 03:00:00,-20,-1443,18900
2017-01-23 04:00:00,0,-1443,18920
2017-01-23 05:00:00,0,-1443,18920
2017-01-23 06:00:00,-130,-1573,19010
2017-01-23 07:00:00,-40,-1613,18880
2017-01-23 08:00:00,10,-1603,18920
2017-01-23 09:00:00,0,-1603,18910
2017-01-23 10:00:00,20,-1583,18920
2017-01-23 11:00:00,0,-1583,18940
2017-01-23 12:00:00,0,-1583,18940
2017-01-23 13:00:00,0,-1583,18940
2017-01-23 14:00:00,10,-1573,18920
2017-01-23 15:00:00,50,-1523,18910
2017-01-23 16:00:00,130,-1393,18960
2017-01-23 17:00:00,-20,-1413,18830
2017-01-23 18:00:00,-40,-1453,18810
2017-01-23 19:00:00,20,-1433,18850
2017-01-23 20:00:00,-10,-1443,18870
2017-01-23 21:00:00,-20,-1463,18880
2017-01-24 00:00:00,60,-1403,18860
2017-01-24 01:00:00,-20,-1423,18800
2017-01-24 02:00:00,30,-1393,18820
2017-01-24 03:00:00,-30,-1423,18850
2017-01-24 04:00:00,0,-1423,18820
2017-01-24 05:00:00,0,-1423,18820
2017-01-24 06:00:00,0,-1423,18820
2017-01-24 07:00:00,60,-1363,18780
2017-01-24 08:00:00,30,-1333,18840
2017-01-24 09:00:00,-10,-1343,18870
2017-01-24 10:00:00,-20,-1363,18860
2017-01-24 11:00:00,-20,-1383,18880
2017-01-24 12:00:00,30,-1353,18900
2017-01-24 13:00:00,-10,-1363,18870
2017-01-24 14:00:00,10,-1353,18880
2017-01-24 15:00:00,-20,-1373,18890
2017-01-24 16:00:00,-10,-1383,18870
2017-01-24 17:00:00,60,-1323,18880
2017-01-24 18:00:00,20,-1303,18940
2017-01-24 19:00:00,50,-1253,18960
2017-01-24 20:00:00,40,-1213,19010
2017-01-24 21:00:00,10,-1203,19050
2017-01-25 00:00:00,20,-1183,19060
2017-01-25 01:00:00,-40,-1223,19080
2017-01-25 02:00:00,0,-1223,19040
2017-01-25 03:00:00,0,-1223,19040
2017-01-25 04:00:00,-10,-1233,18980
2017-01-25 05:00:00,-20,-1253,18990
2017-01-25 06:00:00,20,-1233,19010
2017-01-25 07:00:00,40,-1193,19030
2017-01-25 08:00:00,0,-1193,19070
2017-01-25 09:00:00,0,-1193,19070
2017-01-25 10:00:00,-10,-1203,19120
2017-01-25 11:00:00,-20,-1223,19110
2017-01-25 12:00:00,0,-1223,19130
2017-01-25 13:00:00,0,-1223,19130
2017-01-25 14:00:00,0,-1223,19130
2017-01-25 15:00:00,0,-1223,19170
2017-01-25 16:00:00,-10,-1233,19220
2017-01-25 17:00:00,0,-1233,19210
2017-01-25 18:00:00,10,-1223,19220
2017-01-25 19:00:00,-10,-1233,19230
2017-01-25 20:00:00,10,-1223,19240
2017-01-25 21:00:00,-20,-1243,19250
2017-01-26 00:00:00,10,-1233,19230
2017-01-26 01:00:00,-40,-1273,19240
2017-01-26 02:00:00,-10,-1283,19280
2017-01-26 03:00:00,50,-1233,19290
2017-01-26 04:00:00,10,-1223,19340
2017-01-26 05:00:00,0,-1223,19350
2017-01-26 06:00:00,20,-1203,19350
2017-01-26 07:00:00,90,-1113,19370
2017-01-26 08:00:00,20,-1093,19460
2017-01-26 09:00:00,20,-1073,19480
2017-01-26 10:00:00,-80,-1153,19460
2017-01-26 11:00:00,0,-1153,19540
2017-01-26 12:00:00,-10,-1163,19540
2017-01-26 13:00:00,0,-1163,19530
2017-01-26 14:00:00,0,-1163,19530
2017-01-26 15:00:00,0,-1163,19530
2017-01-26 16:00:00,20,-1143,19520
2017-01-26 17:00:00,10,-1133,19540
2017-01-26 18:00:00,-10,-1143,19530
2017-01-26 19:00:00,30,-1113,19520
2017-01-26 20:00:00,0,-1113,19490
2017-01-26 21:00:00,10,-1103,19490
2017-01-27 00:00:00,30,-1073,19480
2017-01-27 01:00:00,0,-1073,19450
2017-01-27 02:00:00,-10,-1083,19460
2017-01-27 03:00:00,-10,-1093,19450
2017-01-27 04:00:00,0,-1093,19460
2017-01-27 05:00:00,0,-1093,19460
2017-01-27 06:00:00,0,-1093,19430
2017-01-27 07:00:00,-20,-1113,19440
2017-01-27 08:00:00,-80,-1193,19460
2017-01-27 09:00:00,30,-1163,19540
2017-01-27 10:00:00,50,-1113,19510
2017-01-27 11:00:00,-20,-1133,19460
2017-01-27 12:00:00,0,-1133,19480
2017-01-27 13:00:00,-30,-1163,19480
2017-01-27 14:00:00,-10,-1173,19510
2017-01-27 15:00:00,40,-1133,19500
2017-01-27 16:00:00,10,-1123,19460
2017-01-27 17:00:00,20,-1103,19450
2017-01-27 18:00:00,10,-1093,19470
2017-01-27 19:00:00,-10,-1103,19480
2017-01-27 20:00:00,-10,-1113,19470
2017-01-27 21:00:00,-30,-1143,19460
2017-01-30 00:00:00,80,-1063,19430
2017-01-30 01:00:00,20,-1043,19350
2017-01-30 02:00:00,30,-1013,19330
2017-01-30 03:00:00,0,-1013,19300
2017-01-30 04:00:00,-30,-1043,19300
2017-01-30 05:00:00,20,-1023,19330
2017-01-30 06:00:00,-10,-1033,19350
2017-01-30 07:00:00,-10,-1043,19340
2017-01-30 08:00:00,-10,-1053,19330
2017-01-30 09:00:00,-10,-1063,19340
2017-01-30 10:00:00,10,-1053,19330
2017-01-30 11:00:00,10,-1043,19320
2017-01-30 12:00:00,-10,-1053,19310
2017-01-30 13:00:00,10,-1043,19320
2017-01-30 14:00:00,30,-1013,19310
2017-01-30 15:00:00,90,-923,19280
2017-01-30 16:00:00,-110,-1033,19190
2017-01-30 17:00:00,-60,-1093,19080
2017-01-30 18:00:00,40,-1053,19140
2017-01-30 19:00:00,10,-1043,19100
2017-01-30 20:00:00,20,-1023,19110
2017-01-30 21:00:00,20,-1003,19130
2017-01-31 00:00:00,-10,-1013,19110
2017-01-31 01:00:00,-30,-1043,19120
2017-01-31 02:00:00,-20,-1063,19150
2017-01-31 03:00:00,-70,-1133,19130
2017-01-31 04:00:00,10,-1123,19060
2017-01-31 05:00:00,0,-1123,19070
2017-01-31 06:00:00,-80,-1203,19120
2017-01-31 07:00:00,-60,-1263,19040
2017-01-31 08:00:00,30,-1233,18980
2017-01-31 09:00:00,70,-1163,19010
2017-01-31 10:00:00,10,-1153,19080
2017-01-31 11:00:00,-10,-1163,19090
2017-01-31 12:00:00,-30,-1193,19080
2017-01-31 13:00:00,-40,-1233,19050
2017-01-31 14:00:00,-20,-1253,19010
2017-01-31 15:00:00,-150,-1403,19030
2017-01-31 16:00:00,0,-1403,18880
2017-01-31 17:00:00,0,-1403,18880
2017-01-31 18:00:00,-40,-1443,18880
2017-01-31 19:00:00,-70,-1513,18920
2017-01-31 20:00:00,80,-1433,18850
2017-01-31 21:00:00,50,-1383,18930
2017-02-01 00:00:00,-60,-1443,18980
2017-02-01 01:00:00,-90,-1533,18920
2017-02-01 02:00:00,20,-1513,19010
2017-02-01 03:00:00,20,-1493,19030
2017-02-01 04:00:00,30,-1463,19050
2017-02-01 05:00:00,60,-1403,19080
2017-02-01 06:00:00,-10,-1413,19140
2017-02-01 07:00:00,-60,-1473,19130
2017-02-01 08:00:00,30,-1443,19190
2017-02-01 09:00:00,-20,-1463,19220
2017-02-01 10:00:00,10,-1453,19200
2017-02-01 11:00:00,-10,-1463,19210
2017-02-01 12:00:00,-10,-1473,19200
2017-02-01 13:00:00,10,-1463,19190
2017-02-01 14:00:00,50,-1413,19200
2017-02-01 15:00:00,-10,-1423,19250
2017-02-01 16:00:00,0,-1423,19260
2017-02-01 17:00:00,20,-1403,19180
2017-02-01 18:00:00,30,-1373,19160
2017-02-01 19:00:00,20,-1353,19190
2017-02-01 20:00:00,-50,-1403,19210
2017-02-01 21:00:00,-20,-1423,19160
2017-02-02 00:00:00,30,-1393,19180
2017-02-02 01:00:00,90,-1303,19150
2017-02-02 02:00:00,10,-1293,19060
2017-02-02 03:00:00,0,-1293,19050
2017-02-02 04:00:00,70,-1223,19050
2017-02-02 05:00:00,-20,-1243,18980
2017-02-02 06:00:00,70,-1173,18960
2017-02-02 07:00:00,-40,-1213,18890
2017-02-02 08:00:00,-20,-1233,18930
2017-02-02 09:00:00,-30,-1263,18950
2017-02-02 10:00:00,0,-1263,18920
2017-02-02 11:00:00,0,-1263,18920
2017-02-02 12:00:00,10,-1253,18920
2017-02-02 13:00:00,20,-1233,18930
2017-02-02 14:00:00,40,-1193,18950
2017-02-02 15:00:00,-30,-1223,18910
2017-02-02 16:00:00,-50,-1273,18940
2017-02-02 17:00:00,-40,-1313,18990
2017-02-02 18:00:00,70,-1243,18950
2017-02-02 19:00:00,10,-1233,19020
2017-02-02 20:00:00,20,-1213,19030
2017-02-02 21:00:00,-40,-1253,19010
2017-02-03 00:00:00,-40,-1293,19050
2017-02-03 01:00:00,-20,-1313,19010
2017-02-03 02:00:00,30,-1283,18990
2017-02-03 03:00:00,-140,-1423,18960
2017-02-03 04:00:00,-120,-1543,18820
2017-02-03 05:00:00,60,-1483,18940
2017-02-03 06:00:00,-20,-1503,18880
2017-02-03 07:00:00,-40,-1543,18900
2017-02-03 08:00:00,-40,-1583,18940
2017-02-03 09:00:00,-10,-1593,18980
2017-02-03 10:00:00,0,-1593,18990
2017-02-03 11:00:00,0,-1593,19010
2017-02-03 12:00:00,-10,-1603,19000
2017-02-03 13:00:00,-10,-1613,19010
2017-02-03 14:00:00,-10,-1623,19000
2017-02-03 15:00:00,-30,-1653,19010
2017-02-03 16:00:00,-10,-1663,18980
2017-02-03 17:00:00,20,-1643,18990
2017-02-03 18:00:00,-30,-1673,19010
2017-02-03 19:00:00,-30,-1703,19040
2017-02-03 20:00:00,-10,-1713,19070
2017-02-03 21:00:00,-10,-1723,19080
2017-02-06 00:00:00,20,-1703,19090
2017-02-06 01:00:00,140,-1563,19070
2017-02-06 02:00:00,-20,-1583,18930
2017-02-06 03:00:00,-10,-1593,18950
2017-02-06 04:00:00,50,-1543,18960
2017-02-06 05:00:00,-30,-1573,18910
2017-02-06 06:00:00,-30,-1603,18940
2017-02-06 07:00:00,-20,-1623,18970
2017-02-06 08:00:00,-40,-1663,18950
2017-02-06 09:00:00,-40,-1703,18990
2017-02-06 10:00:00,-20,-1723,18950
2017-02-06 11:00:00,0,-1723,18970
2017-02-06 12:00:00,-20,-1743,18970
2017-02-06 13:00:00,-50,-1793,18950
2017-02-06 14:00:00,-40,-1833,18900
2017-02-06 15:00:00,0,-1833,18860
2017-02-06 16:00:00,-30,-1863,18910
2017-02-06 17:00:00,-10,-1873,18880
2017-02-06 18:00:00,-30,-1903,18890
2017-02-06 19:00:00,30,-1873,18860
2017-02-06 20:00:00,-10,-1883,18830
2017-02-06 21:00:00,10,-1873,18840
2017-02-07 00:00:00,0,-1873,18830
2017-02-07 01:00:00,30,-1843,18830
2017-02-07 02:00:00,-80,-1923,18800
2017-02-07 03:00:00,20,-1903,18880
2017-02-07 04:00:00,-50,-1953,18860
2017-02-07 05:00:00,-40,-1993,18910
2017-02-07 06:00:00,-60,-2053,18950
2017-02-07 07:00:00,10,-2043,18890
2017-02-07 08:00:00,-40,-2083,18880
2017-02-07 09:00:00,0,-2083,18920
2017-02-07 10:00:00,-30,-2113,18920
2017-02-07 11:00:00,-20,-2133,18950
2017-02-07 12:00:00,-30,-2163,18930
2017-02-07 13:00:00,-30,-2193,18960
2017-02-07 14:00:00,10,-2183,18930
2017-02-07 15:00:00,-20,-2203,18940
2017-02-07 16:00:00,40,-2163,18960
2017-02-07 17:00:00,10,-2153,18920
2017-02-07 18:00:00,50,-2103,18910
2017-02-07 19:00:00,-30,-2133,18860
2017-02-07 20:00:00,-10,-2143,18890
2017-02-07 21:00:00,-10,-2153,18900
2017-02-08 00:00:00,0,-2153,18910
2017-02-08 01:00:00,30,-2123,18910
2017-02-08 02:00:00,-50,-2173,18940
2017-02-08 03:00:00,0,-2173,18890
2017-02-08 04:00:00,-10,-2183,18890
2017-02-08 05:00:00,50,-2133,18900
2017-02-08 06:00:00,40,-2093,18950
2017-02-08 07:00:00,0,-2093,18990
2017-02-08 08:00:00,20,-2073,18990
2017-02-08 09:00:00,30,-2043,19010
2017-02-08 10:00:00,40,-2003,18980
2017-02-08 11:00:00,-20,-2023,19020
2017-02-08 12:00:00,0,-2023,19000
2017-02-08 13:00:00,-40,-2063,19000
2017-02-08 14:00:00,-10,-2073,18960
2017-02-08 15:00:00,40,-2033,18950
2017-02-08 16:00:00,-10,-2043,18910
2017-02-08 17:00:00,20,-2023,18920
2017-02-08 18:00:00,-10,-2033,18900
2017-02-08 19:00:00,-60,-2093,18910
2017-02-08 20:00:00,-10,-2103,18970
2017-02-08 21:00:00,0,-2103,18960
2017-02-09 00:00:00,40,-2063,18960
2017-02-09 01:00:00,20,-2043,18920
2017-02-09 02:00:00,50,-1993,18900
2017-02-09 03:00:00,20,-1973,18950
2017-02-09 04:00:00,-20,-1993,18930
2017-02-09 05:00:00,-10,-2003,18910
2017-02-09 06:00:00,-10,-2013,18900
2017-02-09 07:00:00,20,-1993,18890
2017-02-09 08:00:00,20,-1973,18910
2017-02-09 09:00:00,0,-1973,18930
2017-02-09 10:00:00,0,-1973,18930
2017-02-09 11:00:00,0,-1973,18930
2017-02-09 12:00:00,20,-1953,18930
2017-02-09 13:00:00,0,-1953,18950
2017-02-09 14:00:00,0,-1953,18950
2017-02-09 15:00:00,0,-1953,18950
2017-02-09 16:00:00,90,-1863,18990
2017-02-09 17:00:00,40,-1823,19080
2017-02-09 18:00:00,20,-1803,19120
2017-02-09 19:00:00,20,-1783,19140
2017-02-09 20:00:00,20,-1763,19160
2017-02-09 21:00:00,-30,-1793,19180
2017-02-10 00:00:00,20,-1773,19210
2017-02-10 01:00:00,-30,-1803,19230
2017-02-10 02:00:00,-70,-1873,19260
2017-02-10 03:00:00,-20,-1893,19330
2017-02-10 04:00:00,-10,-1903,19350
2017-02-10 05:00:00,-10,-1913,19340
2017-02-10 06:00:00,20,-1893,19350
2017-02-10 07:00:00,10,-1883,19370
2017-02-10 08:00:00,60,-1823,19380
2017-02-10 09:00:00,-60,-1883,19440
2017-02-10 10:00:00,-10,-1893,19380
2017-02-10 11:00:00,-40,-1933,19390
2017-02-10 12:00:00,10,-1923,19350
2017-02-10 13:00:00,0,-1923,19360
2017-02-10 14:00:00,0,-1923,19360
2017-02-10 15:00:00,-10,-1933,19360
2017-02-10 16:00:00,-10,-1943,19350
2017-02-10 17:00:00,-40,-1983,19360
2017-02-10 18:00:00,20,-1963,19320
2017-02-10 19:00:00,20,-1943,19340
2017-02-10 20:00:00,-10,-1953,19360
2017-02-10 21:00:00,0,-1953,19350
2017-02-13 00:00:00,-150,-2103,19350
2017-02-13 01:00:00,-70,-2173,19500
2017-02-13 02:00:00,40,-2133,19430
2017-02-13 03:00:00,20,-2113,19470
2017-02-13 04:00:00,-20,-2133,19490
2017-02-13 05:00:00,10,-2123,19470
2017-02-13 06:00:00,-20,-2143,19460
2017-02-13 07:00:00,0,-2143,19440
2017-02-13 08:00:00,-20,-2163,19440
2017-02-13 09:00:00,-10,-2173,19420
2017-02-13 10:00:00,0,-2173,19430
2017-02-13 11:00:00,20,-2153,19450
2017-02-13 12:00:00,-20,-2173,19430
2017-02-13 13:00:00,0,-2173,19450
2017-02-13 14:00:00,-20,-2193,19460
2017-02-13 15:00:00,-30,-2223,19480
2017-02-13 16:00:00,0,-2223,19510
2017-02-13 17:00:00,-20,-2243,19510
2017-02-13 18:00:00,-20,-2263,19490
2017-02-13 19:00:00,0,-2263,19510
2017-02-13 20:00:00,-10,-2273,19510
2017-02-13 21:00:00,0,-2273,19500
2017-02-14 00:00:00,20,-2253,19500
2017-02-14 01:00:00,-40,-2293,19480
2017-02-14 02:00:00,-30,-2323,19440
2017-02-14 03:00:00,30,-2293,19410
2017-02-14 04:00:00,-120,-2413,19440
2017-02-14 05:00:00,0,-2413,19320
2017-02-14 06:00:00,-80,-2493,19320
2017-02-14 07:00:00,40,-2453,19240
2017-02-14 08:00:00,20,-2433,19280
2017-02-14 09:00:00,10,-2423,19300
2017-02-14 10:00:00,0,-2423,19310
2017-02-14 11:00:00,0,-2423,19310
2017-02-14 12:00:00,0,-2423,19310
2017-02-14 13:00:00,10,-2413,19310
2017-02-14 14:00:00,10,-2403,19300
2017-02-14 15:00:00,-20,-2423,19290
2017-02-14 16:00:00,-80,-2503,19310
2017-02-14 17:00:00,-50,-2553,19390
2017-02-14 18:00:00,-20,-2573,19440
2017-02-14 19:00:00,10,-2563,19460
2017-02-14 20:00:00,-20,-2583,19470
2017-02-14 21:00:00,-20,-2603,19450
2017-02-15 00:00:00,10,-2593,19470
2017-02-15 01:00:00,10,-2583,19460
2017-02-15 02:00:00,-6,-2589,19450
2017-02-15 03:00:00,36,-2553,19444
2017-02-15 04:00:00,30,-2523,19480
2017-02-15 05:00:00,-10,-2533,19450
2017-02-15 06:00:00,0,-2533,19440
2017-02-15 07:00:00,0,-2533,19440
2017-02-15 08:00:00,0,-2533,19440
2017-02-15 09:00:00,10,-2523,19450
2017-02-15 10:00:00,10,-2513,19460
2017-02-15 11:00:00,0,-2513,19450
2017-02-15 12:00:00,0,-2513,19450
2017-02-15 13:00:00,-10,-2523,19450
2017-02-15 14:00:00,10,-2513,19440
2017-02-15 15:00:00,-10,-2523,19450
2017-02-15 16:00:00,0,-2523,19440
2017-02-15 17:00:00,50,-2473,19440
2017-02-15 18:00:00,-10,-2483,19390
2017-02-15 19:00:00,-20,-2503,19400
2017-02-15 20:00:00,-10,-2513,19420
2017-02-15 21:00:00,0,-2513,19430
2017-02-16 00:00:00,-30,-2543,19430
2017-02-16 01:00:00,10,-2533,19400
2017-02-16 02:00:00,110,-2423,19390
2017-02-16 03:00:00,-50,-2473,19280
2017-02-16 04:00:00,0,-2473,19330
2017-02-16 05:00:00,0,-2473,19330
2017-02-16 06:00:00,0,-2473,19330
2017-02-16 07:00:00,0,-2473,19330
2017-02-16 08:00:00,0,-2473,19330
2017-02-16 09:00:00,50,-2423,19310
2017-02-16 10:00:00,10,-2413,19260
2017-02-16 11:00:00,0,-2413,19270
2017-02-16 12:00:00,10,-2403,19250
2017-02-16 13:00:00,-10,-2413,19240
2017-02-16 14:00:00,-30,-2443,19250
2017-02-16 15:00:00,30,-2413,19280
2017-02-16 16:00:00,-40,-2453,19250
2017-02-16 17:00:00,-10,-2463,19210
2017-02-16 18:00:00,-10,-2473,19200
2017-02-16 19:00:00,0,-2473,19210
2017-02-16 20:00:00,-10,-2483,19210
2017-02-16 21:00:00,10,-2473,19200
2017-02-17 00:00:00,10,-2463,19210
2017-02-17 01:00:00,-20,-2483,19220
2017-02-17 02:00:00,20,-2463,19200
2017-02-17 03:00:00,10,-2453,19220
2017-02-17 04:00:00,40,-2413,19230
2017-02-17 05:00:00,-30,-2443,19190
2017-02-17 06:00:00,0,-2443,19220
2017-02-17 07:00:00,-20,-2463,19220
2017-02-17 08:00:00,-20,-2483,19200
2017-02-17 09:00:00,-70,-2553,19180
2017-02-17 10:00:00,-50,-2603,19110
2017-02-17 11:00:00,-10,-2613,19060
2017-02-17 12:00:00,-10,-2623,19050
2017-02-17 13:00:00,0,-2623,19060
2017-02-17 14:00:00,-20,-2643,19060
2017-02-17 15:00:00,20,-2623,19040
2017-02-17 16:00:00,-10,-2633,19060
2017-02-17 17:00:00,20,-2613,19070
2017-02-17 18:00:00,0,-2613,19090
2017-02-17 19:00:00,20,-2593,19090
2017-02-17 20:00:00,20,-2573,19110
2017-02-17 21:00:00,10,-2563,19130
2017-02-20 00:00:00,30,-2533,19140
2017-02-20 01:00:00,-20,-2553,19170
2017-02-20 02:00:00,10,-2543,19150
2017-02-20 03:00:00,90,-2453,19160
2017-02-20 04:00:00,10,-2443,19250
2017-02-20 05:00:00,-40,-2483,19260
2017-02-20 06:00:00,30,-2453,19220
2017-02-20 07:00:00,0,-2453,19250
2017-02-20 08:00:00,0,-2453,19250
2017-02-20 09:00:00,-20,-2473,19250
2017-02-20 10:00:00,0,-2473,19230
2017-02-20 11:00:00,10,-2463,19230
2017-02-20 12:00:00,0,-2463,19240
2017-02-20 13:00:00,0,-2463,19240
2017-02-20 14:00:00,0,-2463,19240
2017-02-20 15:00:00,0,-2463,19240
2017-02-20 16:00:00,10,-2453,19240
2017-02-20 17:00:00,10,-2443,19250
2017-02-20 18:00:00,10,-2433,19260
2017-02-20 19:00:00,-10,-2443,19270
2017-02-20 20:00:00,-10,-2453,19260
2017-02-20 21:00:00,20,-2433,19250
2017-02-21 00:00:00,-10,-2443,19270
2017-02-21 01:00:00,30,-2413,19260
2017-02-21 02:00:00,40,-2373,19290
2017-02-21 03:00:00,-20,-2393,19330
2017-02-21 04:00:00,-30,-2423,19350
2017-02-21 05:00:00,-10,-2433,19380
2017-02-21 06:00:00,0,-2433,19370
2017-02-21 07:00:00,10,-2423,19370
2017-02-21 08:00:00,0,-2423,19380
2017-02-21 09:00:00,10,-2413,19360
2017-02-21 10:00:00,50,-2363,19370
2017-02-21 11:00:00,0,-2363,19420
2017-02-21 12:00:00,-10,-2373,19420
2017-02-21 13:00:00,0,-2373,19410
2017-02-21 14:00:00,-20,-2393,19410
2017-02-21 15:00:00,-10,-2403,19430
2017-02-21 16:00:00,-40,-2443,19420
2017-02-21 17:00:00,-40,-2483,19460
2017-02-21 18:00:00,-10,-2493,19420
2017-02-21 19:00:00,0,-2493,19430
2017-02-21 20:00:00,-20,-2513,19430
2017-02-21 21:00:00,-10,-2523,19450
2017-02-22 00:00:00,20,-2503,19440
2017-02-22 01:00:00,30,-2473,19420
2017-02-22 02:00:00,-80,-2553,19390
2017-02-22 03:00:00,-10,-2563,19310
2017-02-22 04:00:00,-40,-2603,19320
2017-02-22 05:00:00,0,-2603,19360
2017-02-22 06:00:00,-10,-2613,19360
2017-02-22 07:00:00,20,-2593,19370
2017-02-22 08:00:00,-20,-2613,19390
2017-02-22 09:00:00,-20,-2633,19370
2017-02-22 10:00:00,-10,-2643,19350
2017-02-22 11:00:00,50,-2593,19340
2017-02-22 12:00:00,20,-2573,19290
2017-02-22 13:00:00,20,-2553,19270
2017-02-22 14:00:00,0,-2553,19290
2017-02-22 15:00:00,30,-2523,19290
2017-02-22 16:00:00,40,-2483,19320
2017-02-22 17:00:00,10,-2473,19360
2017-02-22 18:00:00,20,-2453,19370
2017-02-22 19:00:00,0,-2453,19390
2017-02-22 20:00:00,-50,-2503,19390
2017-02-22 21:00:00,0,-2503,19340
2017-02-23 00:00:00,20,-2483,19340
2017-02-23 01:00:00,90,-2393,19360
2017-02-23 02:00:00,0,-2393,19270
2017-02-23 03:00:00,-50,-2443,19270
2017-02-23 04:00:00,-10,-2453,19320
2017-02-23 05:00:00,10,-2443,19330
2017-02-23 06:00:00,-40,-2483,19320
2017-02-23 07:00:00,0,-2483,19360
2017-02-23 08:00:00,20,-2463,19360
2017-02-23 09:00:00,10,-2453,19340
2017-02-23 10:00:00,-20,-2473,19330
2017-02-23 11:00:00,0,-2473,19350
2017-02-23 12:00:00,10,-2463,19350
2017-02-23 13:00:00,20,-2443,19340
2017-02-23 14:00:00,-20,-2463,19320
2017-02-23 15:00:00,-10,-2473,19300
2017-02-23 16:00:00,50,-2423,19310
2017-02-23 17:00:00,20,-2403,19260
2017-02-23 18:00:00,-30,-2433,19280
2017-02-23 19:00:00,0,-2433,19310
2017-02-23 20:00:00,0,-2433,19310
2017-02-23 21:00:00,0,-2433,19310
2017-02-24 00:00:00,50,-2383,19280
2017-02-24 01:00:00,-100,-2483,19230
2017-02-24 02:00:00,0,-2483,19330
2017-02-24 03:00:00,0,-2483,19350
2017-02-24 04:00:00,-50,-2533,19340
2017-02-24 05:00:00,20,-2513,19290
2017-02-24 06:00:00,10,-2503,19270
2017-02-24 07:00:00,-10,-2513,19280
2017-02-24 08:00:00,-20,-2533,19270
2017-02-24 09:00:00,0,-2533,19250
2017-02-24 10:00:00,20,-2513,19250
2017-02-24 11:00:00,30,-2483,19230
2017-02-24 12:00:00,60,-2423,19200
2017-02-24 13:00:00,20,-2403,19140
2017-02-24 14:00:00,-30,-2433,19120
2017-02-24 15:00:00,0,-2433,19090
2017-02-24 16:00:00,20,-2413,19180
2017-02-24 17:00:00,-30,-2443,19160
2017-02-24 18:00:00,0,-2443,19130
2017-02-24 19:00:00,20,-2423,19130
2017-02-24 20:00:00,10,-2413,19110
2017-02-24 21:00:00,10,-2403,19100
2017-02-27 00:00:00,-60,-2463,19090
2017-02-27 01:00:00,40,-2423,19150
2017-02-27 02:00:00,-70,-2493,19110
2017-02-27 03:00:00,60,-2433,19040
2017-02-27 04:00:00,-40,-2473,19100
2017-02-27 05:00:00,-20,-2493,19140
2017-02-27 06:00:00,0,-2493,19120
2017-02-27 07:00:00,0,-2493,19120
2017-02-27 08:00:00,-10,-2503,19140
2017-02-27 09:00:00,-10,-2513,19150
2017-02-27 10:00:00,30,-2483,19140
2017-02-27 11:00:00,10,-2473,19110
2017-02-27 12:00:00,0,-2473,19100
2017-02-27 13:00:00,10,-2463,19110
2017-02-27 14:00:00,0,-2463,19100
2017-02-27 15:00:00,0,-2463,19100
2017-02-27 16:00:00,10,-2453,19120
2017-02-27 17:00:00,20,-2433,19110
2017-02-27 18:00:00,-30,-2463,19090
2017-02-27 19:00:00,70,-2393,19120
2017-02-27 20:00:00,-20,-2413,19190
2017-02-27 21:00:00,0,-2413,19210
2017-02-28 00:00:00,0,-2413,19210
2017-02-28 01:00:00,-10,-2423,19210
2017-02-28 02:00:00,-10,-2433,19220
2017-02-28 03:00:00,-10,-2443,19230
2017-02-28 04:00:00,-10,-2453,19240
2017-02-28 05:00:00,-30,-2483,19250
2017-02-28 06:00:00,90,-2393,19220
2017-02-28 07:00:00,0,-2393,19130
2017-02-28 08:00:00,-30,-2423,19130
2017-02-28 09:00:00,30,-2393,19100
2017-02-28 10:00:00,10,-2383,19130
2017-02-28 11:00:00,-10,-2393,19140
2017-02-28 12:00:00,-10,-2403,19130
2017-02-28 13:00:00,-30,-2433,19120
2017-02-28 14:00:00,20,-2413,19090
2017-02-28 15:00:00,-10,-2423,19110
2017-02-28 16:00:00,-10,-2433,19100
2017-02-28 17:00:00,10,-2423,19090
2017-02-28 18:00:00,-30,-2453,19100
2017-02-28 19:00:00,40,-2413,19070
2017-02-28 20:00:00,0,-2413,19110
2017-02-28 21:00:00,0,-2413,19110
2017-03-01 00:00:00,90,-2323,19130
2017-03-01 01:00:00,100,-2223,19220
2017-03-01 02:00:00,-110,-2333,19320
2017-03-01 03:00:00,-10,-2343,19210
2017-03-01 04:00:00,110,-2233,19220
2017-03-01 05:00:00,60,-2173,19330
2017-03-01 06:00:00,-20,-2193,19390
2017-03-01 07:00:00,-20,-2213,19410
2017-03-01 08:00:00,0,-2213,19390
2017-03-01 09:00:00,-70,-2283,19400
2017-03-01 10:00:00,-10,-2293,19470
2017-03-01 11:00:00,-40,-2333,19480
2017-03-01 12:00:00,0,-2333,19520
2017-03-01 13:00:00,-50,-2383,19520
2017-03-01 14:00:00,10,-2373,19570
2017-03-01 15:00:00,0,-2373,19580
2017-03-01 16:00:00,-10,-2383,19580
2017-03-01 17:00:00,0,-2383,19590
2017-03-01 18:00:00,0,-2383,19590
2017-03-01 19:00:00,14,-2369,19600
2017-03-01 20:00:00,-24,-2393,19586
2017-03-01 21:00:00,20,-2373,19610
2017-03-02 00:00:00,-60,-2433,19590
2017-03-02 01:00:00,-30,-2463,19650
2017-03-02 02:00:00,0,-2463,19620
2017-03-02 03:00:00,0,-2463,19620
2017-03-02 04:00:00,0,-2463,19620
2017-03-02 05:00:00,-10,-2473,19580
2017-03-02 06:00:00,20,-2453,19590
2017-03-02 07:00:00,0,-2453,19570
2017-03-02 08:00:00,-20,-2473,19620
2017-03-02 09:00:00,29,-2444,19640
2017-03-02 10:00:00,-9,-2453,19611
2017-03-02 11:00:00,0,-2453,19620
2017-03-02 12:00:00,0,-2453,19620
2017-03-02 13:00:00,-10,-2463,19620
2017-03-02 14:00:00,20,-2443,19630
2017-03-02 15:00:00,0,-2443,19650
2017-03-02 16:00:00,40,-2403,19650
2017-03-02 17:00:00,30,-2373,19610
2017-03-02 18:00:00,-10,-2383,19580
2017-03-02 19:00:00,0,-2383,19590
2017-03-02 20:00:00,10,-2373,19590
2017-03-02 21:00:00,-30,-2403,19600
2017-03-03 00:00:00,-30,-2433,19570
2017-03-03 01:00:00,0,-2433,19540
2017-03-03 02:00:00,0,-2433,19540
2017-03-03 03:00:00,19,-2414,19529
2017-03-03 04:00:00,50,-2364,19510
2017-03-03 05:00:00,-30,-2394,19460
2017-03-03 06:00:00,40,-2354,19430
2017-03-03 07:00:00,0,-2354,19470
2017-03-03 08:00:00,10,-2344,19470
2017-03-03 09:00:00,10,-2334,19480
2017-03-03 10:00:00,30,-2304,19490
2017-03-03 11:00:00,-80,-2384,19460
2017-03-03 12:00:00,-10,-2394,19540
2017-03-03 13:00:00,-10,-2404,19550
2017-03-03 14:00:00,0,-2404,19540
2017-03-03 15:00:00,-20,-2424,19540
2017-03-03 16:00:00,0,-2424,19560
2017-03-03 17:00:00,10,-2414,19550
2017-03-03 18:00:00,10,-2404,19560
2017-03-03 19:00:00,20,-2384,19570
2017-03-03 20:00:00,40,-2344,19550
2017-03-03 21:00:00,-20,-2364,19510
2017-03-06 00:00:00,0,-2364,19490
2017-03-06 01:00:00,40,-2324,19410
2017-03-06 02:00:00,-10,-2334,19370
2017-03-06 03:00:00,20,-2314,19380
2017-03-06 04:00:00,-24,-2338,19360
2017-03-06 05:00:00,10,-2328,19384
2017-03-06 06:00:00,-6,-2334,19374
2017-03-06 07:00:00,20,-2314,19380
2017-03-06 08:00:00,30,-2284,19360
2017-03-06 09:00:00,30,-2254,19330
2017-03-06 10:00:00,-50,-2304,19300
2017-03-06 11:00:00,-2,-2306,19350
2017-03-06 12:00:00,-28,-2334,19352
2017-03-06 13:00:00,20,-2314,19380
2017-03-06 14:00:00,10,-2304,19360
2017-03-06 15:00:00,-10,-2314,19350
2017-03-06 16:00:00,20,-2294,19360
2017-03-06 17:00:00,-30,-2324,19340
2017-03-06 18:00:00,-20,-2344,19370
2017-03-06 19:00:00,10,-2334,19390
2017-03-06 20:00:00,10,-2324,19380
2017-03-06 21:00:00,-10,-2334,19370
2017-03-07 00:00:00,-50,-2384,19380
2017-03-07 01:00:00,-33,-2417,19330
2017-03-07 02:00:00,10,-2407,19363
2017-03-07 03:00:00,-3,-2410,19353
2017-03-07 04:00:00,2,-2408,19350
2017-03-07 05:00:00,2,-2406,19352
2017-03-07 06:00:00,-19,-2425,19350
2017-03-07 07:00:00,19,-2406,19331
2017-03-07 08:00:00,20,-2386,19350
2017-03-07 09:00:00,-10,-2396,19330
2017-03-07 10:00:00,-11,-2407,19340
2017-03-07 11:00:00,-11,-2418,19351
2017-03-07 12:00:00,10,-2408,19340
2017-03-07 13:00:00,0,-2408,19350
2017-03-07 14:00:00,30,-2378,19350
2017-03-07 15:00:00,-30,-2408,19380
2017-03-07 16:00:00,30,-2378,19350
2017-03-07 17:00:00,0,-2378,19380
2017-03-07 18:00:00,0,-2378,19380
2017-03-07 19:00:00,10,-2368,19380
2017-03-07 20:00:00,10,-2358,19370
2017-03-07 21:00:00,10,-2348,19360
2017-03-08 00:00:00,-50,-2398,19370
2017-03-08 01:00:00,-47,-2445,19320
2017-03-08 02:00:00,28,-2417,19273
2017-03-08 03:00:00,1,-2416,19245
2017-03-08 04:00:00,0,-2416,19244
2017-03-08 05:00:00,4,-2412,19244
2017-03-08 06:00:00,-4,-2416,19240
2017-03-08 07:00:00,-6,-2422,19244
2017-03-08 08:00:00,-20,-2442,19250
2017-03-08 09:00:00,32,-2410,19270
2017-03-08 10:00:00,20,-2390,19302
2017-03-08 11:00:00,-2,-2392,19322
2017-03-08 12:00:00,-20,-2412,19320
2017-03-08 13:00:00,30,-2382,19300
2017-03-08 14:00:00,50,-2332,19330
2017-03-08 15:00:00,0,-2332,19380
2017-03-08 16:00:00,-10,-2342,19380
2017-03-08 17:00:00,30,-2312,19390
2017-03-08 18:00:00,0,-2312,19360
2017-03-08 19:00:00,0,-2312,19360
2017-03-08 20:00:00,20,-2292,19360
2017-03-08 21:00:00,0,-2292,19340
2017-03-09 00:00:00,-20,-2312,19340
2017-03-09 01:00:00,36,-2276,19360
2017-03-09 02:00:00,34,-2242,19324
2017-03-09 03:00:00,-10,-2252,19290
2017-03-09 04:00:00,0,-2252,19280
2017-03-09 05:00:00,36,-2216,19280
2017-03-09 06:00:00,9,-2207,19316
2017-03-09 07:00:00,15,-2192,19325
2017-03-09 08:00:00,-130,-2322,19310
2017-03-09 09:00:00,60,-2262,19180
2017-03-09 10:00:00,-10,-2272,19240
2017-03-09 11:00:00,-20,-2292,19230
2017-03-09 12:00:00,0,-2292,19210
2017-03-09 13:00:00,-20,-2312,19210
2017-03-09 14:00:00,-30,-2342,19190
2017-03-09 15:00:00,20,-2322,19220
2017-03-09 16:00:00,-20,-2342,19240
2017-03-09 17:00:00,-20,-2362,19260
2017-03-09 18:00:00,10,-2352,19240
2017-03-09 19:00:00,10,-2342,19250
2017-03-09 20:00:00,0,-2342,19240
2017-03-09 21:00:00,-30,-2372,19240
2017-03-10 00:00:00,-90,-2462,19270
2017-03-10 01:00:00,-20,-2482,19360
2017-03-10 02:00:00,-40,-2522,19380
2017-03-10 03:00:00,40,-2482,19420
2017-03-10 04:00:00,-10,-2492,19460
2017-03-10 05:00:00,20,-2472,19450
2017-03-10 06:00:00,20,-2452,19470
2017-03-10 07:00:00,20,-2432,19490
2017-03-10 08:00:00,20,-2412,19470
2017-03-10 09:00:00,-10,-2422,19490
2017-03-10 10:00:00,20,-2402,19500
2017-03-10 11:00:00,-10,-2412,19480
2017-03-10 12:00:00,10,-2402,19490
2017-03-10 13:00:00,-20,-2422,19480
2017-03-10 14:00:00,-10,-2432,19500
2017-03-10 15:00:00,30,-2402,19510
2017-03-10 16:00:00,40,-2362,19480
2017-03-10 17:00:00,-20,-2382,19440
2017-03-10 18:00:00,30,-2352,19460
2017-03-10 19:00:00,10,-2342,19430
2017-03-10 20:00:00,-10,-2352,19420
2017-03-10 21:00:00,0,-2352,19430
2017-03-13 00:00:00,20,-2332,19430
2017-03-13 01:00:00,0,-2332,19410
2017-03-13 02:00:00,10,-2322,19490
2017-03-13 03:00:00,20,-2302,19500
2017-03-13 04:00:00,0,-2302,19520
2017-03-13 05:00:00,0,-2302,19520
2017-03-13 06:00:00,-20,-2322,19490
2017-03-13 07:00:00,10,-2312,19510
2017-03-13 08:00:00,0,-2312,19520
2017-03-13 09:00:00,-20,-2332,19520
2017-03-13 10:00:00,0,-2332,19500
2017-03-13 11:00:00,10,-2322,19480
2017-03-13 12:00:00,-10,-2332,19470
2017-03-13 13:00:00,0,-2332,19480
2017-03-13 14:00:00,0,-2332,19510
2017-03-13 15:00:00,0,-2332,19510
2017-03-13 16:00:00,-10,-2342,19510
2017-03-13 17:00:00,-10,-2352,19500
2017-03-13 18:00:00,-10,-2362,19510
2017-03-13 19:00:00,-10,-2372,19500
2017-03-13 20:00:00,30,-2342,19510
2017-03-13 21:00:00,-10,-2352,19540
2017-03-14 00:00:00,-10,-2362,19530
2017-03-14 01:00:00,30,-2332,19520
2017-03-14 02:00:00,10,-2322,19490
2017-03-14 03:00:00,-10,-2332,19480
2017-03-14 04:00:00,-10,-2342,19490
2017-03-14 05:00:00,20,-2322,19480
2017-03-14 06:00:00,10,-2312,19500
2017-03-14 07:00:00,-10,-2322,19490
2017-03-14 08:00:00,40,-2282,19480
2017-03-14 09:00:00,-40,-2322,19520
2017-03-14 10:00:00,10,-2312,19480
2017-03-14 11:00:00,0,-2312,19490
2017-03-14 12:00:00,-10,-2322,19500
2017-03-14 13:00:00,-30,-2352,19490
2017-03-14 14:00:00,30,-2322,19460
2017-03-14 15:00:00,10,-2312,19430
2017-03-14 16:00:00,0,-2312,19420
2017-03-14 17:00:00,0,-2312,19420
2017-03-14 18:00:00,0,-2312,19400
2017-03-14 19:00:00,10,-2302,19410
2017-03-14 20:00:00,0,-2302,19420
2017-03-14 21:00:00,0,-2302,19420
2017-03-15 00:00:00,0,-2302,19400
2017-03-15 01:00:00,10,-2292,19400
2017-03-15 02:00:00,10,-2282,19410
2017-03-15 03:00:00,20,-2262,19420
2017-03-15 04:00:00,-10,-2272,19440
2017-03-15 05:00:00,10,-2262,19430
2017-03-15 06:00:00,30,-2232,19420
2017-03-15 07:00:00,0,-2232,19450
2017-03-15 08:00:00,-10,-2242,19450
2017-03-15 09:00:00,0,-2242,19440
2017-03-15 10:00:00,-10,-2252,19440
2017-03-15 11:00:00,10,-2242,19430
2017-03-15 12:00:00,10,-2232,19440
2017-03-15 13:00:00,-10,-2242,19430
2017-03-15 14:00:00,0,-2242,19440
2017-03-15 15:00:00,0,-2242,19450
2017-03-15 16:00:00,0,-2242,19450
2017-03-15 17:00:00,10,-2232,19450
2017-03-15 18:00:00,-30,-2262,19460
2017-03-15 19:00:00,-40,-2302,19430
2017-03-15 20:00:00,-40,-2342,19390
2017-03-15 21:00:00,20,-2322,19350
2017-03-16 00:00:00,-50,-2372,19370
2017-03-16 01:00:00,40,-2332,19320
2017-03-16 02:00:00,60,-2272,19360
2017-03-16 03:00:00,0,-2272,19420
2017-03-16 04:00:00,60,-2212,19420
2017-03-16 05:00:00,0,-2212,19480
2017-03-16 06:00:00,-20,-2232,19480
2017-03-16 07:00:00,20,-2212,19460
2017-03-16 08:00:00,-30,-2242,19440
2017-03-16 09:00:00,10,-2232,19470
2017-03-16 10:00:00,0,-2232,19480
2017-03-16 11:00:00,10,-2222,19480
2017-03-16 12:00:00,-30,-2252,19490
2017-03-16 13:00:00,10,-2242,19460
2017-03-16 14:00:00,-10,-2252,19470
2017-03-16 15:00:00,-60,-2312,19460
2017-03-16 16:00:00,-40,-2352,19400
2017-03-16 17:00:00,10,-2342,19360
2017-03-16 18:00:00,0,-2342,19370
2017-03-16 19:00:00,-20,-2362,19370
2017-03-16 20:00:00,-10,-2372,19350
2017-03-16 21:00:00,-10,-2382,19340
2017-03-17 00:00:00,-30,-2412,19330
2017-03-17 01:00:00,30,-2382,19360
2017-03-17 02:00:00,0,-2382,19390
2017-03-17 03:00:00,0,-2382,19390
2017-03-17 04:00:00,0,-2382,19390
2017-03-17 05:00:00,-10,-2392,19390
2017-03-17 06:00:00,20,-2372,19380
2017-03-17 07:00:00,-50,-2422,19400
2017-03-17 08:00:00,10,-2412,19350
2017-03-17 09:00:00,0,-2412,19360
2017-03-17 10:00:00,10,-2402,19360
2017-03-17 11:00:00,10,-2392,19370
2017-03-17 12:00:00,-30,-2422,19380
2017-03-17 13:00:00,10,-2412,19350
2017-03-17 14:00:00,-30,-2442,19360
2017-03-17 15:00:00,-20,-2462,19330
2017-03-17 16:00:00,-30,-2492,19310
2017-03-17 17:00:00,20,-2472,19280
2017-03-17 18:00:00,10,-2462,19300
2017-03-17 19:00:00,0,-2462,19310
2017-03-17 20:00:00,-20,-2482,19310
2017-03-17 21:00:00,30,-2452,19290
2017-03-21 00:00:00,-50,-2502,19320
2017-03-21 01:00:00,-30,-2532,19270
2017-03-21 02:00:00,90,-2442,19240
2017-03-21 03:00:00,10,-2432,19330
2017-03-21 04:00:00,-10,-2442,19340
2017-03-21 05:00:00,10,-2432,19330
2017-03-21 06:00:00,0,-2432,19320
2017-03-21 07:00:00,0,-2432,19320
2017-03-21 08:00:00,0,-2432,19310
2017-03-21 09:00:00,-20,-2452,19340
2017-03-21 10:00:00,0,-2452,19320
2017-03-21 11:00:00,-20,-2472,19310
2017-03-21 12:00:00,-10,-2482,19290
2017-03-21 13:00:00,-10,-2492,19300
2017-03-21 14:00:00,-10,-2502,19310
2017-03-21 15:00:00,120,-2382,19300
2017-03-21 16:00:00,110,-2272,19180
2017-03-21 17:00:00,30,-2242,19070
2017-03-21 18:00:00,50,-2192,19040
2017-03-21 19:00:00,0,-2192,18990
2017-03-21 20:00:00,-50,-2242,19020
2017-03-21 21:00:00,30,-2212,18970
2017-03-22 00:00:00,-50,-2262,19000
2017-03-22 01:00:00,70,-2192,18950
2017-03-22 02:00:00,-60,-2252,19020
2017-03-22 03:00:00,-30,-2282,18960
2017-03-22 04:00:00,0,-2282,18930
2017-03-22 05:00:00,-20,-2302,18930
2017-03-22 06:00:00,40,-2262,18950
2017-03-22 07:00:00,0,-2262,18910
2017-03-22 08:00:00,-10,-2272,18910
2017-03-22 09:00:00,-60,-2332,18920
2017-03-22 10:00:00,0,-2332,18860
2017-03-22 11:00:00,10,-2322,18860
2017-03-22 12:00:00,-20,-2342,18870
2017-03-22 13:00:00,10,-2332,18850
2017-03-22 14:00:00,-30,-2362,18860
2017-03-22 15:00:00,10,-2352,18830
2017-03-22 16:00:00,20,-2332,18840
2017-03-22 17:00:00,-10,-2342,18860
2017-03-22 18:00:00,10,-2332,18850
2017-03-22 19:00:00,-30,-2362,18840
2017-03-22 20:00:00,40,-2322,18870
2017-03-22 21:00:00,10,-2312,18910
2017-03-23 00:00:00,10,-2302,18920
2017-03-23 01:00:00,-20,-2322,18930
2017-03-23 02:00:00,0,-2322,18910
2017-03-23 03:00:00,20,-2302,18910
2017-03-23 04:00:00,0,-2302,18930
2017-03-23 05:00:00,-10,-2312,18930
2017-03-23 06:00:00,30,-2282,18920
2017-03-23 07:00:00,-20,-2302,18950
2017-03-23 08:00:00,-30,-2332,18930
2017-03-23 09:00:00,-30,-2362,18900
2017-03-23 10:00:00,-10,-2372,18870
2017-03-23 11:00:00,0,-2372,18880
2017-03-23 12:00:00,0,-2372,18900
2017-03-23 13:00:00,30,-2342,18900
2017-03-23 14:00:00,0,-2342,18870
2017-03-23 15:00:00,0,-2342,18860
2017-03-23 16:00:00,50,-2292,18900
2017-03-23 17:00:00,-40,-2332,18950
2017-03-23 18:00:00,-50,-2382,18990
2017-03-23 19:00:00,-10,-2392,18940
2017-03-23 20:00:00,-30,-2422,18950
2017-03-23 21:00:00,0,-2422,18920
2017-03-24 00:00:00,20,-2402,18920
2017-03-24 01:00:00,-140,-2542,18940
2017-03-24 02:00:00,-10,-2552,19080
2017-03-24 03:00:00,40,-2512,19090
2017-03-24 04:00:00,-30,-2542,19130
2017-03-24 05:00:00,0,-2542,19100
2017-03-24 06:00:00,0,-2542,19100
2017-03-24 07:00:00,0,-2542,19130
2017-03-24 08:00:00,-30,-2572,19140
2017-03-24 09:00:00,0,-2572,19110
2017-03-24 10:00:00,-10,-2582,19080
2017-03-24 11:00:00,30,-2552,19070
2017-03-24 12:00:00,-20,-2572,19040
2017-03-24 13:00:00,-20,-2592,19060
2017-03-24 14:00:00,30,-2562,19080
2017-03-24 15:00:00,10,-2552,19110
2017-03-24 16:00:00,-10,-2562,19120
2017-03-24 17:00:00,-30,-2592,19110
2017-03-24 18:00:00,-20,-2612,19080
2017-03-24 19:00:00,30,-2582,19060
2017-03-24 20:00:00,-60,-2642,19030
2017-03-24 21:00:00,-20,-2662,19090
2017-03-27 00:00:00,-190,-2852,19110
2017-03-27 01:00:00,-70,-2922,18920
2017-03-27 02:00:00,0,-2922,18850
2017-03-27 03:00:00,-20,-2942,18820
2017-03-27 04:00:00,10,-2932,18840
2017-03-27 05:00:00,0,-2932,18850
2017-03-27 06:00:00,20,-2912,18850
2017-03-27 07:00:00,-20,-2932,18830
2017-03-27 08:00:00,-40,-2972,18810
2017-03-27 09:00:00,-50,-3022,18770
2017-03-27 10:00:00,0,-3022,18820
2017-03-27 11:00:00,10,-3012,18820
2017-03-27 12:00:00,-40,-3052,18830
2017-03-27 13:00:00,0,-3052,18790
2017-03-27 14:00:00,0,-3052,18790
2017-03-27 15:00:00,30,-3022,18840
2017-03-27 16:00:00,-10,-3032,18870
2017-03-27 17:00:00,60,-2972,18880
2017-03-27 18:00:00,10,-2962,18940
2017-03-27 19:00:00,10,-2952,18950
2017-03-27 20:00:00,20,-2932,18960
2017-03-27 21:00:00,-20,-2952,18980
2017-03-28 00:00:00,10,-2942,19000
2017-03-28 01:00:00,0,-2942,19010
2017-03-28 02:00:00,30,-2912,19040
2017-03-28 03:00:00,0,-2912,19010
2017-03-28 04:00:00,0,-2912,19050
2017-03-28 05:00:00,0,-2912,19050
2017-03-28 06:00:00,0,-2912,19040
2017-03-28 07:00:00,-20,-2932,19060
2017-03-28 08:00:00,0,-2932,19040
2017-03-28 09:00:00,-20,-2952,19040
2017-03-28 10:00:00,0,-2952,19060
2017-03-28 11:00:00,0,-2952,19050
2017-03-28 12:00:00,-40,-2992,19050
2017-03-28 13:00:00,-60,-3052,19010
2017-03-28 14:00:00,10,-3042,18950
2017-03-28 15:00:00,-50,-3092,18940
2017-03-28 16:00:00,-70,-3162,18990
2017-03-28 17:00:00,0,-3162,19060
2017-03-28 18:00:00,90,-3072,19060
2017-03-28 19:00:00,20,-3052,19150
2017-03-28 20:00:00,20,-3032,19170
2017-03-28 21:00:00,0,-3032,19190
2017-03-29 00:00:00,10,-3022,19190
2017-03-29 01:00:00,-10,-3032,19200
2017-03-29 02:00:00,-10,-3042,19190
2017-03-29 03:00:00,-30,-3072,19200
2017-03-29 04:00:00,-10,-3082,19170
2017-03-29 05:00:00,30,-3052,19180
2017-03-29 06:00:00,-10,-3062,19210
2017-03-29 07:00:00,-20,-3082,19200
2017-03-29 08:00:00,-20,-3102,19220
2017-03-29 09:00:00,30,-3072,19200
2017-03-29 10:00:00,10,-3062,19170
2017-03-29 11:00:00,10,-3052,19160
2017-03-29 12:00:00,40,-3012,19150
2017-03-29 13:00:00,-20,-3032,19110
2017-03-29 14:00:00,10,-3022,19130
2017-03-29 15:00:00,50,-2972,19120
2017-03-29 16:00:00,20,-2952,19170
2017-03-29 17:00:00,0,-2952,19150
2017-03-29 18:00:00,-20,-2972,19150
2017-03-29 19:00:00,0,-2972,19170
2017-03-29 20:00:00,10,-2962,19170
2017-03-29 21:00:00,20,-2942,19160
2017-03-30 00:00:00,-10,-2952,19140
2017-03-30 01:00:00,-40,-2992,19150
2017-03-30 02:00:00,-30,-3022,19190
2017-03-30 03:00:00,-10,-3032,19160
2017-03-30 04:00:00,10,-3022,19150
2017-03-30 05:00:00,40,-2982,19140
2017-03-30 06:00:00,-50,-3032,19100
2017-03-30 07:00:00,0,-3032,19050
2017-03-30 08:00:00,-10,-3042,19070
2017-03-30 09:00:00,40,-3002,19060
2017-03-30 10:00:00,0,-3002,19020
2017-03-30 11:00:00,0,-3002,19060
2017-03-30 12:00:00,0,-3002,19060
2017-03-30 13:00:00,-30,-3032,19060
2017-03-30 14:00:00,0,-3032,19090
2017-03-30 15:00:00,30,-3002,19090
2017-03-30 16:00:00,0,-3002,19120
2017-03-30 17:00:00,0,-3002,19120
2017-03-30 18:00:00,10,-2992,19120
2017-03-30 19:00:00,-30,-3022,19130
2017-03-30 20:00:00,20,-3002,19160
2017-03-30 21:00:00,20,-2982,19180
2017-03-31 00:00:00,-30,-3012,19200
2017-03-31 01:00:00,0,-3012,19170
2017-03-31 02:00:00,-20,-3032,19170
2017-03-31 03:00:00,30,-3002,19150
2017-03-31 04:00:00,-20,-3022,19180
2017-03-31 05:00:00,-90,-3112,19160
2017-03-31 06:00:00,150,-2962,19070
2017-03-31 07:00:00,10,-2952,18920
2017-03-31 08:00:00,-40,-2992,18910
2017-03-31 09:00:00,-10,-3002,18950
2017-03-31 10:00:00,-20,-3022,18960
2017-03-31 11:00:00,20,-3002,18980
2017-03-31 12:00:00,-10,-3012,18960
2017-03-31 13:00:00,-30,-3042,18970
2017-03-31 14:00:00,30,-3012,19000
2017-03-31 15:00:00,40,-2972,18970
2017-03-31 16:00:00,-10,-2982,18930
2017-03-31 17:00:00,-10,-2992,18940
2017-03-31 18:00:00,-10,-3002,18950
2017-03-31 19:00:00,-30,-3032,18960
2017-03-31 20:00:00,30,-3002,18930
2017-03-31 21:00:00,0,-3002,18960
2017-04-03 00:00:00,0,-3002,18960
2017-04-03 01:00:00,0,-3002,18980
2017-04-03 02:00:00,-20,-3022,18960
2017-04-03 03:00:00,10,-3012,18980
2017-04-03 04:00:00,-50,-3062,18990
2017-04-03 05:00:00,-20,-3082,18940
2017-04-03 06:00:00,-30,-3112,18960
2017-04-03 07:00:00,-60,-3172,18990
2017-04-03 08:00:00,20,-3152,19050
2017-04-03 09:00:00,10,-3142,19030
2017-04-03 10:00:00,0,-3142,19020
2017-04-03 11:00:00,0,-3142,19020
2017-04-03 12:00:00,-10,-3152,19030
2017-04-03 13:00:00,10,-3142,19020
2017-04-03 14:00:00,0,-3142,19010
2017-04-03 15:00:00,70,-3072,19010
2017-04-03 16:00:00,10,-3062,18940
2017-04-03 17:00:00,-30,-3092,18930
2017-04-03 18:00:00,0,-3092,18960
2017-04-03 19:00:00,-20,-3112,18960
2017-04-03 20:00:00,0,-3112,18980
2017-04-03 21:00:00,0,-3112,18990
2017-04-04 00:00:00,80,-3032,18990
2017-04-04 01:00:00,10,-3022,18910
2017-04-04 02:00:00,-10,-3032,18920
2017-04-04 03:00:00,-40,-3072,18930
2017-04-04 04:00:00,30,-3042,18890
2017-04-04 05:00:00,90,-2952,18860
2017-04-04 06:00:00,-40,-2992,18770
2017-04-04 07:00:00,-10,-3002,18810
2017-04-04 08:00:00,40,-2962,18820
2017-04-04 09:00:00,10,-2952,18780
2017-04-04 10:00:00,10,-2942,18790
2017-04-04 11:00:00,-10,-2952,18780
2017-04-04 12:00:00,-10,-2962,18790
2017-04-04 13:00:00,20,-2942,18780
2017-04-04 14:00:00,20,-2922,18800
2017-04-04 15:00:00,-10,-2932,18820
2017-04-04 16:00:00,-60,-2992,18830
2017-04-04 17:00:00,-10,-3002,18890
2017-04-04 18:00:00,-20,-3022,18880
2017-04-04 19:00:00,-10,-3032,18900
2017-04-04 20:00:00,-10,-3042,18890
2017-04-04 21:00:00,-30,-3072,18900
2017-04-05 00:00:00,40,-3032,18930
2017-04-05 01:00:00,-50,-3082,18890
2017-04-05 02:00:00,10,-3072,18840
2017-04-05 03:00:00,10,-3062,18850
2017-04-05 04:00:00,0,-3062,18860
2017-04-05 05:00:00,-50,-3112,18790
2017-04-05 06:00:00,20,-3092,18840
2017-04-05 07:00:00,0,-3092,18860
2017-04-05 08:00:00,0,-3092,18860
2017-04-05 09:00:00,-10,-3102,18850
2017-04-05 10:00:00,30,-3072,18860
2017-04-05 11:00:00,0,-3072,18890
2017-04-05 12:00:00,0,-3072,18890
2017-04-05 13:00:00,60,-3012,18890
2017-04-05 14:00:00,40,-2972,18950
2017-04-05 15:00:00,0,-2972,18990
2017-04-05 16:00:00,-20,-2992,18990
2017-04-05 17:00:00,-10,-3002,18970
2017-04-05 18:00:00,0,-3002,18980
2017-04-05 19:00:00,80,-2922,18980
2017-04-05 20:00:00,-80,-3002,18900
2017-04-05 21:00:00,20,-2982,18820
2017-04-06 00:00:00,50,-2932,18800
2017-04-06 01:00:00,-50,-2982,18750
2017-04-06 02:00:00,-10,-2992,18700
2017-04-06 03:00:00,70,-2922,18690
2017-04-06 04:00:00,50,-2872,18620
2017-04-06 05:00:00,-20,-2892,18570
2017-04-06 06:00:00,0,-2892,18590
2017-04-06 07:00:00,0,-2892,18590
2017-04-06 08:00:00,-30,-2922,18610
2017-04-06 09:00:00,-60,-2982,18640
2017-04-06 10:00:00,10,-2972,18700
2017-04-06 11:00:00,30,-2942,18710
2017-04-06 12:00:00,-40,-2982,18740
2017-04-06 13:00:00,0,-2982,18700
2017-04-06 14:00:00,10,-2972,18700
2017-04-06 15:00:00,20,-2952,18710
2017-04-06 16:00:00,20,-2932,18730
2017-04-06 17:00:00,40,-2892,18750
2017-04-06 18:00:00,20,-2872,18710
2017-04-06 19:00:00,50,-2822,18730
2017-04-06 20:00:00,-50,-2872,18680
2017-04-06 21:00:00,-10,-2882,18730
2017-04-07 00:00:00,-20,-2902,18740
2017-04-07 01:00:00,-20,-2922,18720
2017-04-07 02:00:00,170,-2752,18740
2017-04-07 03:00:00,20,-2732,18570
2017-04-07 04:00:00,90,-2642,18590
2017-04-07 05:00:00,10,-2632,18680
2017-04-07 06:00:00,-20,-2652,18690
2017-04-07 07:00:00,40,-2612,18670
2017-04-07 08:00:00,10,-2602,18710
2017-04-07 09:00:00,-20,-2622,18720
2017-04-07 10:00:00,-10,-2632,18700
2017-04-07 11:00:00,20,-2612,18690
2017-04-07 12:00:00,0,-2612,18710
2017-04-07 13:00:00,-10,-2622,18710
2017-04-07 14:00:00,30,-2592,18700
2017-04-07 15:00:00,-10,-2602,18730
2017-04-07 16:00:00,10,-2592,18720
2017-04-07 17:00:00,50,-2542,18730
2017-04-07 18:00:00,50,-2492,18780
2017-04-07 19:00:00,-40,-2532,18830
2017-04-07 20:00:00,10,-2522,18790
2017-04-07 21:00:00,-10,-2532,18800
2017-04-10 00:00:00,0,-2532,18790
2017-04-10 01:00:00,30,-2502,18790
2017-04-10 02:00:00,20,-2482,18820
2017-04-10 03:00:00,10,-2472,18800
2017-04-10 04:00:00,0,-2472,18790
2017-04-10 05:00:00,-10,-2482,18780
2017-04-10 06:00:00,-10,-2492,18790
2017-04-10 07:00:00,0,-2492,18800
2017-04-10 08:00:00,20,-2472,18800
2017-04-10 09:00:00,0,-2472,18780
2017-04-10 10:00:00,-40,-2512,18780
2017-04-10 11:00:00,0,-2512,18740
2017-04-10 12:00:00,-30,-2542,18740
2017-04-10 13:00:00,0,-2542,18770
2017-04-10 14:00:00,0,-2542,18770
2017-04-10 15:00:00,0,-2542,18780
2017-04-10 16:00:00,0,-2542,18780
2017-04-10 17:00:00,30,-2512,18730
2017-04-10 18:00:00,0,-2512,18760
2017-04-10 19:00:00,0,-2512,18760
2017-04-10 20:00:00,0,-2512,18760
2017-04-10 21:00:00,0,-2512,18740
2017-04-11 00:00:00,0,-2512,18750
2017-04-11 01:00:00,40,-2472,18700
2017-04-11 02:00:00,-20,-2492,18740
2017-04-11 03:00:00,-60,-2552,18720
2017-04-11 04:00:00,-30,-2582,18660
2017-04-11 05:00:00,0,-2582,18690
2017-04-11 06:00:00,0,-2582,18690
2017-04-11 07:00:00,0,-2582,18740
2017-04-11 08:00:00,0,-2582,18710
2017-04-11 09:00:00,0,-2582,18710
2017-04-11 10:00:00,20,-2562,18710
2017-04-11 11:00:00,0,-2562,18730
2017-04-11 12:00:00,0,-2562,18730
2017-04-11 13:00:00,20,-2542,18730
2017-04-11 14:00:00,30,-2512,18710
2017-04-11 15:00:00,110,-2402,18680
2017-04-11 16:00:00,-30,-2432,18570
2017-04-11 17:00:00,20,-2412,18600
2017-04-11 18:00:00,0,-2412,18620
2017-04-11 19:00:00,0,-2412,18620
2017-04-11 20:00:00,-10,-2422,18620
2017-04-11 21:00:00,0,-2422,18630
2017-04-12 00:00:00,40,-2382,18630
2017-04-12 01:00:00,-80,-2462,18590
2017-04-12 02:00:00,20,-2442,18510
2017-04-12 03:00:00,-30,-2472,18530
2017-04-12 04:00:00,-20,-2492,18500
2017-04-12 05:00:00,-10,-2502,18520
2017-04-12 06:00:00,20,-2482,18510
2017-04-12 07:00:00,0,-2482,18530
2017-04-12 08:00:00,70,-2412,18530
2017-04-12 09:00:00,10,-2402,18600
2017-04-12 10:00:00,-30,-2432,18590
2017-04-12 11:00:00,-20,-2452,18560
2017-04-12 12:00:00,0,-2452,18540
2017-04-12 13:00:00,-20,-2472,18540
2017-04-12 14:00:00,30,-2442,18520
2017-04-12 15:00:00,-40,-2482,18550
2017-04-12 16:00:00,-20,-2502,18510
2017-04-12 17:00:00,30,-2472,18490
2017-04-12 18:00:00,40,-2432,18520
2017-04-12 19:00:00,0,-2432,18560
2017-04-12 20:00:00,-70,-2502,18560
2017-04-12 21:00:00,-20,-2522,18490
2017-04-13 00:00:00,90,-2432,18470
2017-04-13 01:00:00,50,-2382,18380
2017-04-13 02:00:00,-10,-2392,18330
2017-04-13 03:00:00,10,-2382,18340
2017-04-13 04:00:00,30,-2352,18330
2017-04-13 05:00:00,-10,-2362,18360
2017-04-13 06:00:00,0,-2362,18350
2017-04-13 07:00:00,-40,-2402,18440
2017-04-13 08:00:00,30,-2372,18400
2017-04-13 09:00:00,10,-2362,18370
2017-04-13 10:00:00,-20,-2382,18360
2017-04-13 11:00:00,10,-2372,18340
2017-04-13 12:00:00,0,-2372,18350
2017-04-13 13:00:00,10,-2362,18350
2017-04-13 14:00:00,40,-2322,18360
2017-04-13 15:00:00,-20,-2342,18400
2017-04-13 16:00:00,-20,-2362,18380
2017-04-13 17:00:00,40,-2322,18400
2017-04-13 18:00:00,10,-2312,18360
2017-04-13 19:00:00,0,-2312,18350
2017-04-13 20:00:00,30,-2282,18370
2017-04-13 21:00:00,0,-2282,18340
2017-04-14 00:00:00,-20,-2302,18360
2017-04-14 01:00:00,-40,-2342,18340
2017-04-14 02:00:00,0,-2342,18380
2017-04-14 03:00:00,-30,-2372,18380
2017-04-14 04:00:00,0,-2372,18350
2017-04-14 05:00:00,-20,-2392,18360
2017-04-14 06:00:00,20,-2372,18340
2017-04-14 07:00:00,0,-2372,18320
2017-04-14 08:00:00,20,-2352,18320
2017-04-14 09:00:00,-10,-2362,18300
2017-04-14 10:00:00,10,-2352,18310
2017-04-14 11:00:00,0,-2352,18300
2017-04-14 12:00:00,10,-2342,18300
2017-04-14 13:00:00,30,-2312,18290
2017-04-14 14:00:00,20,-2292,18260
2017-04-14 15:00:00,10,-2282,18240
2017-04-14 16:00:00,0,-2282,18230
2017-04-14 17:00:00,10,-2272,18230
2017-04-14 18:00:00,-10,-2282,18240
2017-04-14 19:00:00,0,-2282,18230
2017-04-14 20:00:00,0,-2282,18230
2017-04-14 21:00:00,-30,-2312,18230
2017-04-17 00:00:00,-30,-2342,18260
2017-04-17 01:00:00,-50,-2392,18230
2017-04-17 02:00:00,-50,-2442,18280
2017-04-17 03:00:00,-40,-2482,18230
2017-04-17 04:00:00,40,-2442,18270
2017-04-17 05:00:00,0,-2442,18310
2017-04-17 06:00:00,0,-2442,18290
2017-04-17 07:00:00,40,-2402,18350
2017-04-17 08:00:00,-10,-2412,18310
2017-04-17 09:00:00,-10,-2422,18320
2017-04-17 10:00:00,0,-2422,18310
2017-04-17 11:00:00,0,-2422,18310
2017-04-17 12:00:00,-30,-2452,18310
2017-04-17 13:00:00,20,-2432,18340
2017-04-17 14:00:00,0,-2432,18360
2017-04-17 15:00:00,10,-2422,18360
2017-04-17 16:00:00,20,-2402,18350
2017-04-17 17:00:00,-10,-2412,18370
2017-04-17 18:00:00,0,-2412,18380
2017-04-17 19:00:00,-30,-2442,18380
2017-04-17 20:00:00,-50,-2492,18410
2017-04-17 21:00:00,-10,-2502,18460
2017-04-18 00:00:00,-10,-2512,18470
2017-04-18 01:00:00,20,-2492,18480
2017-04-18 02:00:00,60,-2432,18460
2017-04-18 03:00:00,10,-2422,18400
2017-04-18 04:00:00,30,-2392,18390
2017-04-18 05:00:00,-50,-2442,18360
2017-04-18 06:00:00,0,-2442,18410
2017-04-18 07:00:00,30,-2412,18410
2017-04-18 08:00:00,-70,-2482,18440
2017-04-18 09:00:00,0,-2482,18370
2017-04-18 10:00:00,-40,-2522,18370
2017-04-18 11:00:00,-30,-2552,18330
2017-04-18 12:00:00,10,-2542,18360
2017-04-18 13:00:00,-10,-2552,18370
2017-04-18 14:00:00,-30,-2582,18360
2017-04-18 15:00:00,50,-2532,18390
2017-04-18 16:00:00,-60,-2592,18340
2017-04-18 17:00:00,10,-2582,18280
2017-04-18 18:00:00,0,-2582,18290
2017-04-18 19:00:00,0,-2582,18300
2017-04-18 20:00:00,20,-2562,18300
2017-04-18 21:00:00,-10,-2572,18320
2017-04-19 00:00:00,-10,-2582,18310
2017-04-19 01:00:00,100,-2482,18320
2017-04-19 02:00:00,-20,-2502,18420
2017-04-19 03:00:00,20,-2482,18400
2017-04-19 04:00:00,-10,-2492,18380
2017-04-19 05:00:00,50,-2442,18390
2017-04-19 06:00:00,0,-2442,18440
2017-04-19 07:00:00,30,-2412,18440
2017-04-19 08:00:00,0,-2412,18410
2017-04-19 09:00:00,-30,-2442,18430
2017-04-19 10:00:00,20,-2422,18460
2017-04-19 11:00:00,-20,-2442,18480
2017-04-19 12:00:00,-30,-2472,18460
2017-04-19 13:00:00,30,-2442,18490
2017-04-19 14:00:00,40,-2402,18460
2017-04-19 15:00:00,50,-2352,18500
2017-04-19 16:00:00,0,-2352,18450
2017-04-19 17:00:00,0,-2352,18450
2017-04-19 18:00:00,0,-2352,18430
2017-04-19 19:00:00,-50,-2402,18430
2017-04-19 20:00:00,20,-2382,18380
2017-04-19 21:00:00,-20,-2402,18400
2017-04-20 00:00:00,60,-2342,18380
2017-04-20 01:00:00,20,-2322,18440
2017-04-20 02:00:00,-50,-2372,18460
2017-04-20 03:00:00,-50,-2422,18510
2017-04-20 04:00:00,20,-2402,18460
2017-04-20 05:00:00,-10,-2412,18480
2017-04-20 06:00:00,60,-2352,18490
2017-04-20 07:00:00,-40,-2392,18430
2017-04-20 08:00:00,30,-2362,18470
2017-04-20 09:00:00,-10,-2372,18500
2017-04-20 10:00:00,-10,-2382,18510
2017-04-20 11:00:00,20,-2362,18500
2017-04-20 12:00:00,-20,-2382,18480
2017-04-20 13:00:00,0,-2382,18500
2017-04-20 14:00:00,-20,-2402,18500
2017-04-20 15:00:00,0,-2402,18520
2017-04-20 16:00:00,0,-2402,18570
2017-04-20 17:00:00,0,-2402,18570
2017-04-20 18:00:00,10,-2392,18580
2017-04-20 19:00:00,0,-2392,18590
2017-04-20 20:00:00,0,-2392,18590
2017-04-20 21:00:00,10,-2382,18580
2017-04-21 00:00:00,10,-2372,18590
2017-04-21 01:00:00,30,-2342,18580
2017-04-21 02:00:00,-10,-2352,18550
2017-04-21 03:00:00,-20,-2372,18560
2017-04-21 04:00:00,-10,-2382,18580
2017-04-21 05:00:00,-10,-2392,18570
2017-04-21 06:00:00,0,-2392,18580
2017-04-21 07:00:00,30,-2362,18620
2017-04-21 08:00:00,-30,-2392,18650
2017-04-21 09:00:00,-20,-2412,18620
2017-04-21 10:00:00,-10,-2422,18600
2017-04-21 11:00:00,0,-2422,18610
2017-04-21 12:00:00,0,-2422,18610
2017-04-21 13:00:00,0,-2422,18620
2017-04-21 14:00:00,0,-2422,18620
2017-04-21 15:00:00,10,-2412,18610
2017-04-21 16:00:00,-10,-2422,18600
2017-04-21 17:00:00,-20,-2442,18610
2017-04-21 18:00:00,30,-2412,18590
2017-04-21 19:00:00,0,-2412,18620
2017-04-21 20:00:00,0,-2412,18620
2017-04-21 21:00:00,-30,-2442,18590
2017-04-24 00:00:00,-280,-2722,18620
2017-04-24 01:00:00,0,-2722,18900
2017-04-24 02:00:00,10,-2712,18880
2017-04-24 03:00:00,0,-2712,18870
2017-04-24 04:00:00,20,-2692,18880
2017-04-24 05:00:00,-10,-2702,18860
2017-04-24 06:00:00,-10,-2712,18870
2017-04-24 07:00:00,60,-2652,18880
2017-04-24 08:00:00,0,-2652,18940
2017-04-24 09:00:00,-30,-2682,18930
2017-04-24 10:00:00,10,-2672,18960
2017-04-24 11:00:00,10,-2662,18970
2017-04-24 12:00:00,0,-2662,18960
2017-04-24 13:00:00,0,-2662,18960
2017-04-24 14:00:00,0,-2662,18960
2017-04-24 15:00:00,0,-2662,18960
2017-04-24 16:00:00,40,-2622,18910
2017-04-24 17:00:00,0,-2622,18870
2017-04-24 18:00:00,0,-2622,18870
2017-04-24 19:00:00,-10,-2632,18880
2017-04-24 20:00:00,0,-2632,18890
2017-04-24 21:00:00,40,-2592,18890
2017-04-25 00:00:00,-80,-2672,18930
2017-04-25 01:00:00,-90,-2762,18850
2017-04-25 02:00:00,30,-2732,18940
2017-04-25 03:00:00,80,-2652,18970
2017-04-25 04:00:00,-30,-2682,19050
2017-04-25 05:00:00,-10,-2692,19020
2017-04-25 06:00:00,70,-2622,19010
2017-04-25 07:00:00,10,-2612,19080
2017-04-25 08:00:00,-20,-2632,19090
2017-04-25 09:00:00,40,-2592,19070
2017-04-25 10:00:00,0,-2592,19110
2017-04-25 11:00:00,10,-2582,19110
2017-04-25 12:00:00,20,-2562,19120
2017-04-25 13:00:00,20,-2542,19140
2017-04-25 14:00:00,10,-2532,19160
2017-04-25 15:00:00,10,-2522,19170
2017-04-25 16:00:00,0,-2522,19180
2017-04-25 17:00:00,10,-2512,19180
2017-04-25 18:00:00,20,-2492,19190
2017-04-25 19:00:00,0,-2492,19210
2017-04-25 20:00:00,-10,-2502,19210
2017-04-25 21:00:00,-20,-2522,19200
2017-04-26 00:00:00,20,-2502,19180
2017-04-26 01:00:00,10,-2492,19200
2017-04-26 02:00:00,10,-2482,19210
2017-04-26 03:00:00,10,-2472,19220
2017-04-26 04:00:00,-20,-2492,19230
2017-04-26 05:00:00,60,-2432,19210
2017-04-26 06:00:00,10,-2422,19270
2017-04-26 07:00:00,0,-2422,19280
2017-04-26 08:00:00,-40,-2462,19280
2017-04-26 09:00:00,10,-2452,19240
2017-04-26 10:00:00,10,-2442,19250
2017-04-26 11:00:00,0,-2442,19260
2017-04-26 12:00:00,0,-2442,19260
2017-04-26 13:00:00,30,-2412,19260
2017-04-26 14:00:00,0,-2412,19290
2017-04-26 15:00:00,30,-2382,19290
2017-04-26 16:00:00,60,-2322,19320
2017-04-26 17:00:00,-40,-2362,19260
2017-04-26 18:00:00,0,-2362,19300
2017-04-26 19:00:00,0,-2362,19260
2017-04-26 20:00:00,-60,-2422,19250
2017-04-26 21:00:00,-20,-2442,19190
2017-04-27 00:00:00,-30,-2472,19170
2017-04-27 01:00:00,40,-2432,19200
2017-04-27 02:00:00,0,-2432,19240
2017-04-27 03:00:00,0,-2432,19240
2017-04-27 04:00:00,10,-2422,19260
2017-04-27 05:00:00,-10,-2432,19250
2017-04-27 06:00:00,-10,-2442,19260
2017-04-27 07:00:00,-40,-2482,19250
2017-04-27 08:00:00,-20,-2502,19290
2017-04-27 09:00:00,20,-2482,19270
2017-04-27 10:00:00,10,-2472,19290
2017-04-27 11:00:00,-10,-2482,19280
2017-04-27 12:00:00,-10,-2492,19270
2017-04-27 13:00:00,0,-2492,19280
2017-04-27 14:00:00,10,-2482,19280
2017-04-27 15:00:00,0,-2482,19290
2017-04-27 16:00:00,0,-2482,19220
2017-04-27 17:00:00,-40,-2522,19200
2017-04-27 18:00:00,0,-2522,19240
2017-04-27 19:00:00,0,-2522,19240
2017-04-27 20:00:00,0,-2522,19240
2017-04-27 21:00:00,-10,-2532,19230
2017-04-28 00:00:00,0,-2532,19240
2017-04-28 01:00:00,0,-2532,19230
2017-04-28 02:00:00,-10,-2542,19230
2017-04-28 03:00:00,-10,-2552,19220
2017-04-28 04:00:00,10,-2542,19210
2017-04-28 05:00:00,-40,-2582,19220
2017-04-28 06:00:00,20,-2562,19180
2017-04-28 07:00:00,0,-2562,19200
2017-04-28 08:00:00,0,-2562,19200
2017-04-28 09:00:00,-10,-2572,19200
2017-04-28 10:00:00,40,-2532,19190
2017-04-28 11:00:00,0,-2532,19230
2017-04-28 12:00:00,-10,-2542,19230
2017-04-28 13:00:00,30,-2512,19220
2017-04-28 14:00:00,-20,-2532,19250
2017-04-28 15:00:00,0,-2532,19230
2017-04-28 16:00:00,-10,-2542,19230
2017-04-28 17:00:00,-10,-2552,19220
2017-04-28 18:00:00,0,-2552,19230
2017-04-28 19:00:00,0,-2552,19230
2017-04-28 20:00:00,0,-2552,19230
2017-04-28 21:00:00,-20,-2572,19220
2017-05-01 00:00:00,-30,-2602,19240
2017-05-01 01:00:00,20,-2582,19210
2017-05-01 02:00:00,40,-2542,19230
2017-05-01 03:00:00,0,-2542,19270
2017-05-01 04:00:00,-20,-2562,19270
2017-05-01 05:00:00,-10,-2572,19290
2017-05-01 06:00:00,30,-2542,19280
2017-05-01 07:00:00,0,-2542,19310
2017-05-01 08:00:00,-10,-2552,19310
2017-05-01 09:00:00,0,-2552,19320
2017-05-01 10:00:00,-10,-2562,19330
2017-05-01 11:00:00,0,-2562,19340
2017-05-01 12:00:00,0,-2562,19340
2017-05-01 13:00:00,-20,-2582,19340
2017-05-01 14:00:00,-10,-2592,19320
2017-05-01 15:00:00,10,-2582,19330
2017-05-01 16:00:00,20,-2562,19320
2017-05-01 17:00:00,0,-2562,19340
2017-05-01 18:00:00,0,-2562,19340
2017-05-01 19:00:00,0,-2562,19360
2017-05-01 20:00:00,0,-2562,19360
2017-05-01 21:00:00,20,-2542,19350
2017-05-02 00:00:00,0,-2542,19370
2017-05-02 01:00:00,100,-2442,19350
2017-05-02 02:00:00,-40,-2482,19450
2017-05-02 03:00:00,-40,-2522,19410
2017-05-02 04:00:00,10,-2512,19450
2017-05-02 05:00:00,10,-2502,19440
2017-05-02 06:00:00,20,-2482,19430
2017-05-02 07:00:00,30,-2452,19450
2017-05-02 08:00:00,10,-2442,19480
2017-05-02 09:00:00,-10,-2452,19490
2017-05-02 10:00:00,-20,-2472,19480
2017-05-02 11:00:00,10,-2462,19500
2017-05-02 12:00:00,10,-2452,19490
2017-05-02 13:00:00,0,-2452,19500
2017-05-02 14:00:00,-30,-2482,19500
2017-05-02 15:00:00,0,-2482,19470
2017-05-02 16:00:00,0,-2482,19470
2017-05-02 17:00:00,0,-2482,19470
2017-05-02 18:00:00,-10,-2492,19470
2017-05-02 19:00:00,0,-2492,19460
2017-05-02 20:00:00,0,-2492,19460
2017-05-02 21:00:00,10,-2482,19460
2017-05-08 00:00:00,-280,-2762,19450
2017-05-08 01:00:00,-50,-2812,19730
2017-05-08 02:00:00,10,-2802,19780
2017-05-08 03:00:00,-30,-2832,19790
2017-05-08 04:00:00,0,-2832,19820
2017-05-08 05:00:00,10,-2822,19870
2017-05-08 06:00:00,20,-2802,19880
2017-05-08 07:00:00,-30,-2832,19900
2017-05-08 08:00:00,-40,-2872,19870
2017-05-08 09:00:00,20,-2852,19830
2017-05-08 10:00:00,20,-2832,19810
2017-05-08 11:00:00,30,-2802,19790
2017-05-08 12:00:00,-10,-2812,19820
2017-05-08 13:00:00,10,-2802,19830
2017-05-08 14:00:00,-10,-2812,19820
2017-05-08 15:00:00,-30,-2842,19830
2017-05-08 16:00:00,10,-2832,19860
2017-05-08 17:00:00,0,-2832,19870
2017-05-08 18:00:00,0,-2832,19870
2017-05-08 19:00:00,-10,-2842,19870
2017-05-08 20:00:00,30,-2812,19880
2017-05-08 21:00:00,0,-2812,19910
2017-05-09 00:00:00,0,-2812,19910
2017-05-09 01:00:00,0,-2812,19910
2017-05-09 02:00:00,10,-2802,19870
2017-05-09 03:00:00,-20,-2822,19860
2017-05-09 04:00:00,-20,-2842,19880
2017-05-09 05:00:00,20,-2822,19860
2017-05-09 06:00:00,-30,-2852,19880
2017-05-09 07:00:00,-40,-2892,19850
2017-05-09 08:00:00,60,-2832,19890
2017-05-09 09:00:00,0,-2832,19950
2017-05-09 10:00:00,10,-2822,19940
2017-05-09 11:00:00,20,-2802,19950
2017-05-09 12:00:00,-10,-2812,19970
2017-05-09 13:00:00,-10,-2822,19980
2017-05-09 14:00:00,0,-2822,19990
2017-05-09 15:00:00,20,-2802,19990
2017-05-09 16:00:00,-10,-2812,20010
2017-05-09 17:00:00,0,-2812,20020
2017-05-09 18:00:00,0,-2812,20020
2017-05-09 19:00:00,0,-2812,20010
2017-05-09 20:00:00,0,-2812,20010
2017-05-09 21:00:00,60,-2752,19980
2017-05-10 00:00:00,30,-2722,19920
2017-05-10 01:00:00,0,-2722,19890
2017-05-10 02:00:00,0,-2722,19890
2017-05-10 03:00:00,10,-2712,19900
2017-05-10 04:00:00,-10,-2722,19890
2017-05-10 05:00:00,10,-2712,19900
2017-05-10 06:00:00,-30,-2742,19890
2017-05-10 07:00:00,-20,-2762,19920
2017-05-10 08:00:00,0,-2762,19900
2017-05-10 09:00:00,0,-2762,19900
2017-05-10 10:00:00,0,-2762,19880
2017-05-10 11:00:00,-20,-2782,19890
2017-05-10 12:00:00,-20,-2802,19870
2017-05-10 13:00:00,10,-2792,19890
2017-05-10 14:00:00,0,-2792,19900
2017-05-10 15:00:00,20,-2772,19900
2017-05-10 16:00:00,0,-2772,19920
2017-05-10 17:00:00,20,-2752,19920
2017-05-10 18:00:00,10,-2742,19940
2017-05-10 19:00:00,10,-2732,19950
2017-05-10 20:00:00,-10,-2742,19960
2017-05-10 21:00:00,10,-2732,19950
2017-05-11 00:00:00,10,-2722,19940
2017-05-11 01:00:00,30,-2692,19950
2017-05-11 02:00:00,-10,-2702,19920
2017-05-11 03:00:00,10,-2692,19930
2017-05-11 04:00:00,0,-2692,19940
2017-05-11 05:00:00,-30,-2722,19940
2017-05-11 06:00:00,0,-2722,19970
2017-05-11 07:00:00,10,-2712,19970
2017-05-11 08:00:00,10,-2702,19960
2017-05-11 09:00:00,-10,-2712,19950
2017-05-11 10:00:00,20,-2692,19960
2017-05-11 11:00:00,-20,-2712,19940
2017-05-11 12:00:00,60,-2652,19960
2017-05-11 13:00:00,-10,-2662,19900
2017-05-11 14:00:00,60,-2602,19910
2017-05-11 15:00:00,0,-2602,19850
2017-05-11 16:00:00,-20,-2622,19850
2017-05-11 17:00:00,0,-2622,19870
2017-05-11 18:00:00,-20,-2642,19870
2017-05-11 19:00:00,20,-2622,19890
2017-05-11 20:00:00,0,-2622,19870
2017-05-11 21:00:00,10,-2612,19870
2017-05-12 00:00:00,30,-2582,19880
2017-05-12 01:00:00,-20,-2602,19910
2017-05-12 02:00:00,40,-2562,19890
2017-05-12 03:00:00,-10,-2572,19850
2017-05-12 04:00:00,0,-2572,19840
2017-05-12 05:00:00,10,-2562,19840
2017-05-12 06:00:00,40,-2522,19850
2017-05-12 07:00:00,-10,-2532,19890
2017-05-12 08:00:00,-40,-2572,19880
2017-05-12 09:00:00,10,-2562,19840
2017-05-12 10:00:00,0,-2562,19850
2017-05-12 11:00:00,10,-2552,19850
2017-05-12 12:00:00,10,-2542,19860
2017-05-12 13:00:00,-50,-2592,19870
2017-05-12 14:00:00,10,-2582,19820
2017-05-12 15:00:00,-30,-2612,19830
2017-05-12 16:00:00,20,-2592,19800
2017-05-12 17:00:00,0,-2592,19820
2017-05-12 18:00:00,20,-2572,19820
2017-05-12 19:00:00,20,-2552,19800
2017-05-12 20:00:00,-10,-2562,19820
2017-05-12 21:00:00,-10,-2572,19810
2017-05-15 00:00:00,40,-2532,19800
2017-05-15 01:00:00,-70,-2602,19760
2017-05-15 02:00:00,10,-2592,19830
2017-05-15 03:00:00,10,-2582,19840
2017-05-15 04:00:00,20,-2562,19850
2017-05-15 05:00:00,-40,-2602,19870
2017-05-15 06:00:00,30,-2572,19830
2017-05-15 07:00:00,30,-2542,19860
2017-05-15 08:00:00,-20,-2562,19890
2017-05-15 09:00:00,-20,-2582,19910
2017-05-15 10:00:00,-20,-2602,19890
2017-05-15 11:00:00,10,-2592,19870
2017-05-15 12:00:00,10,-2582,19880
2017-05-15 13:00:00,-10,-2592,19890
2017-05-15 14:00:00,50,-2542,19880
2017-05-15 15:00:00,0,-2542,19930
2017-05-15 16:00:00,-10,-2552,19930
2017-05-15 17:00:00,10,-2542,19920
2017-05-15 18:00:00,0,-2542,19930
2017-05-15 19:00:00,-30,-2572,19960
2017-05-15 20:00:00,-20,-2592,19930
2017-05-15 21:00:00,20,-2572,19950
2017-05-16 00:00:00,-30,-2602,19970
2017-05-16 01:00:00,20,-2582,19940
2017-05-16 02:00:00,-30,-2612,19960
2017-05-16 03:00:00,-40,-2652,19930
2017-05-16 04:00:00,-10,-2662,19890
2017-05-16 05:00:00,10,-2652,19900
2017-05-16 06:00:00,10,-2642,19910
2017-05-16 07:00:00,-40,-2682,19920
2017-05-16 08:00:00,-10,-2692,19880
2017-05-16 09:00:00,-30,-2722,19890
2017-05-16 10:00:00,-10,-2732,19920
2017-05-16 11:00:00,10,-2722,19910
2017-05-16 12:00:00,20,-2702,19920
2017-05-16 13:00:00,0,-2702,19940
2017-05-16 14:00:00,30,-2672,19940
2017-05-16 15:00:00,-110,-2782,19970
2017-05-16 16:00:00,-10,-2792,19860
2017-05-16 17:00:00,0,-2792,19850
2017-05-16 18:00:00,-30,-2822,19860
2017-05-16 19:00:00,0,-2822,19830
2017-05-16 20:00:00,0,-2822,19830
2017-05-16 21:00:00,20,-2802,19850
2017-05-17 00:00:00,40,-2762,19830
2017-05-17 01:00:00,40,-2722,19790
2017-05-17 02:00:00,0,-2722,19830
2017-05-17 03:00:00,-30,-2752,19830
2017-05-17 04:00:00,10,-2742,19800
2017-05-17 05:00:00,-10,-2752,19790
2017-05-17 06:00:00,20,-2732,19800
2017-05-17 07:00:00,-50,-2782,19820
2017-05-17 08:00:00,0,-2782,19770
2017-05-17 09:00:00,20,-2762,19770
2017-05-17 10:00:00,-30,-2792,19790
2017-05-17 11:00:00,20,-2772,19760
2017-05-17 12:00:00,-10,-2782,19780
2017-05-17 13:00:00,-90,-2872,19770
2017-05-17 14:00:00,120,-2752,19680
2017-05-17 15:00:00,40,-2712,19560
2017-05-17 16:00:00,-20,-2732,19520
2017-05-17 17:00:00,0,-2732,19540
2017-05-17 18:00:00,-50,-2782,19540
2017-05-17 19:00:00,0,-2782,19490
2017-05-17 20:00:00,-40,-2822,19490
2017-05-17 21:00:00,30,-2792,19450
2017-05-18 00:00:00,30,-2762,19480
2017-05-18 01:00:00,-30,-2792,19510
2017-05-18 02:00:00,0,-2792,19480
2017-05-18 03:00:00,20,-2772,19480
2017-05-18 04:00:00,-10,-2782,19500
2017-05-18 05:00:00,20,-2762,19490
2017-05-18 06:00:00,40,-2722,19510
2017-05-18 07:00:00,20,-2702,19550
2017-05-18 08:00:00,-90,-2792,19570
2017-05-18 09:00:00,10,-2782,19480
2017-05-18 10:00:00,-180,-2962,19490
2017-05-18 11:00:00,-10,-2972,19310
2017-05-18 12:00:00,-90,-3062,19300
2017-05-18 13:00:00,-10,-3072,19390
2017-05-18 14:00:00,40,-3032,19400
2017-05-18 15:00:00,90,-2942,19440
2017-05-18 16:00:00,40,-2902,19530
2017-05-18 17:00:00,40,-2862,19490
2017-05-18 18:00:00,-70,-2932,19530
2017-05-18 19:00:00,20,-2912,19600
2017-05-18 20:00:00,-20,-2932,19620
2017-05-18 21:00:00,20,-2912,19600
2017-05-19 00:00:00,-30,-2942,19620
2017-05-19 01:00:00,70,-2872,19590
2017-05-19 02:00:00,0,-2872,19520
2017-05-19 03:00:00,-20,-2892,19520
2017-05-19 04:00:00,40,-2852,19540
2017-05-19 05:00:00,0,-2852,19580
2017-05-19 06:00:00,20,-2832,19580
2017-05-19 07:00:00,0,-2832,19600
2017-05-19 08:00:00,0,-2832,19600
2017-05-19 09:00:00,30,-2802,19610
2017-05-19 10:00:00,-10,-2812,19640
2017-05-19 11:00:00,-30,-2842,19650
2017-05-19 12:00:00,10,-2832,19620
2017-05-19 13:00:00,0,-2832,19630
2017-05-19 14:00:00,0,-2832,19630
2017-05-19 15:00:00,0,-2832,19670
2017-05-19 16:00:00,0,-2832,19740
2017-05-19 17:00:00,-20,-2852,19710
2017-05-19 18:00:00,10,-2842,19730
2017-05-19 19:00:00,-10,-2852,19720
2017-05-19 20:00:00,50,-2802,19730
2017-05-19 21:00:00,-10,-2812,19680
2017-05-22 00:00:00,20,-2792,19690
2017-05-22 01:00:00,0,-2792,19670
2017-05-22 02:00:00,-20,-2812,19630
2017-05-22 03:00:00,-10,-2822,19650
2017-05-22 04:00:00,60,-2762,19640
2017-05-22 05:00:00,-30,-2792,19700
2017-05-22 06:00:00,0,-2792,19670
2017-05-22 07:00:00,0,-2792,19670
2017-05-22 08:00:00,30,-2762,19670
2017-05-22 09:00:00,-30,-2792,19640
2017-05-22 10:00:00,-20,-2812,19670
2017-05-22 11:00:00,-10,-2822,19650
2017-05-22 12:00:00,0,-2822,19660
2017-05-22 13:00:00,0,-2822,19660
2017-05-22 14:00:00,0,-2822,19660
2017-05-22 15:00:00,-20,-2842,19660
2017-05-22 16:00:00,0,-2842,19640
2017-05-22 17:00:00,0,-2842,19660
2017-05-22 18:00:00,0,-2842,19660
2017-05-22 19:00:00,10,-2832,19660
2017-05-22 20:00:00,10,-2822,19670
2017-05-22 21:00:00,10,-2812,19680
2017-05-23 00:00:00,-50,-2862,19690
2017-05-23 01:00:00,-40,-2902,19640
2017-05-23 02:00:00,-30,-2932,19680
2017-05-23 03:00:00,-20,-2952,19650
2017-05-23 04:00:00,10,-2942,19670
2017-05-23 05:00:00,0,-2942,19660
2017-05-23 06:00:00,0,-2942,19660
2017-05-23 07:00:00,30,-2912,19610
2017-05-23 08:00:00,30,-2882,19640
2017-05-23 09:00:00,-10,-2892,19670
2017-05-23 10:00:00,10,-2882,19680
2017-05-23 11:00:00,0,-2882,19670
2017-05-23 12:00:00,0,-2882,19680
2017-05-23 13:00:00,0,-2882,19680
2017-05-23 14:00:00,0,-2882,19680
2017-05-23 15:00:00,-10,-2892,19660
2017-05-23 16:00:00,90,-2802,19670
2017-05-23 17:00:00,10,-2792,19760
2017-05-23 18:00:00,-10,-2802,19750
2017-05-23 19:00:00,20,-2782,19740
2017-05-23 20:00:00,10,-2772,19760
2017-05-23 21:00:00,10,-2762,19770
2017-05-24 00:00:00,0,-2762,19780
2017-05-24 01:00:00,-60,-2822,19780
2017-05-24 02:00:00,0,-2822,19720
2017-05-24 03:00:00,10,-2812,19710
2017-05-24 04:00:00,10,-2802,19720
2017-05-24 05:00:00,-10,-2812,19730
2017-05-24 06:00:00,30,-2782,19720
2017-05-24 07:00:00,-10,-2792,19750
2017-05-24 08:00:00,10,-2782,19740
2017-05-24 09:00:00,-10,-2792,19750
2017-05-24 10:00:00,-10,-2802,19740
2017-05-24 11:00:00,-10,-2812,19730
2017-05-24 12:00:00,10,-2802,19720
2017-05-24 13:00:00,0,-2802,19730
2017-05-24 14:00:00,0,-2802,19730
2017-05-24 15:00:00,10,-2792,19730
2017-05-24 16:00:00,10,-2782,19740
2017-05-24 17:00:00,-10,-2792,19750
2017-05-24 18:00:00,10,-2782,19740
2017-05-24 19:00:00,0,-2782,19730
2017-05-24 20:00:00,0,-2782,19730
2017-05-24 21:00:00,0,-2782,19730
2017-05-25 00:00:00,0,-2782,19720
2017-05-25 01:00:00,-30,-2812,19720
2017-05-25 02:00:00,80,-2732,19750
2017-05-25 03:00:00,0,-2732,19830
2017-05-25 04:00:00,0,-2732,19830
2017-05-25 05:00:00,0,-2732,19830
2017-05-25 06:00:00,10,-2722,19820
2017-05-25 07:00:00,10,-2712,19810
2017-05-25 08:00:00,10,-2702,19800
2017-05-25 09:00:00,10,-2692,19790
2017-05-25 10:00:00,-30,-2722,19780
2017-05-25 11:00:00,-20,-2742,19810
2017-05-25 12:00:00,10,-2732,19790
2017-05-25 13:00:00,-20,-2752,19780
2017-05-25 14:00:00,-10,-2762,19800
2017-05-25 15:00:00,0,-2762,19790
2017-05-25 16:00:00,20,-2742,19830
2017-05-25 17:00:00,-10,-2752,19810
2017-05-25 18:00:00,20,-2732,19800
2017-05-25 19:00:00,-10,-2742,19820
2017-05-25 20:00:00,-10,-2752,19810
2017-05-25 21:00:00,10,-2742,19820
2017-05-26 00:00:00,20,-2722,19810
2017-05-26 01:00:00,30,-2692,19790
2017-05-26 02:00:00,-10,-2702,19760
2017-05-26 03:00:00,-30,-2732,19770
2017-05-26 04:00:00,10,-2722,19740
2017-05-26 05:00:00,0,-2722,19750
2017-05-26 06:00:00,-50,-2772,19750
2017-05-26 07:00:00,10,-2762,19700
2017-05-26 08:00:00,-20,-2782,19710
2017-05-26 09:00:00,60,-2722,19690
2017-05-26 10:00:00,-10,-2732,19630
2017-05-26 11:00:00,-10,-2742,19640
2017-05-26 12:00:00,40,-2702,19630
2017-05-26 13:00:00,40,-2662,19590
2017-05-26 14:00:00,30,-2632,19630
2017-05-26 15:00:00,-10,-2642,19660
2017-05-26 16:00:00,-30,-2672,19650
2017-05-26 17:00:00,0,-2672,19680
2017-05-26 18:00:00,-20,-2692,19700
2017-05-26 19:00:00,10,-2682,19680
2017-05-26 20:00:00,-30,-2712,19670
2017-05-26 21:00:00,0,-2712,19700
2017-05-29 00:00:00,30,-2682,19720
2017-05-29 01:00:00,0,-2682,19690
2017-05-29 02:00:00,-10,-2692,19700
2017-05-29 03:00:00,20,-2672,19710
2017-05-29 04:00:00,-20,-2692,19730
2017-05-29 05:00:00,-10,-2702,19710
2017-05-29 06:00:00,-10,-2712,19700
2017-05-29 07:00:00,0,-2712,19690
2017-05-29 08:00:00,0,-2712,19680
2017-05-29 09:00:00,0,-2712,19680
2017-05-29 10:00:00,0,-2712,19680
2017-05-29 11:00:00,0,-2712,19680
2017-05-29 12:00:00,0,-2712,19680
2017-05-29 13:00:00,0,-2712,19680
2017-05-29 14:00:00,0,-2712,19680
2017-05-29 15:00:00,0,-2712,19680
2017-05-29 16:00:00,-10,-2722,19680
2017-05-29 17:00:00,0,-2722,19690
2017-05-29 20:00:00,0,-2722,19690
2017-05-29 21:00:00,-10,-2732,19680
2017-05-30 00:00:00,-10,-2742,19690
2017-05-30 01:00:00,50,-2692,19680
2017-05-30 02:00:00,40,-2652,19630
2017-05-30 03:00:00,10,-2642,19590
2017-05-30 04:00:00,-60,-2702,19580
2017-05-30 05:00:00,-10,-2712,19640
2017-05-30 06:00:00,20,-2692,19650
2017-05-30 07:00:00,0,-2692,19670
2017-05-30 08:00:00,0,-2692,19670
2017-05-30 09:00:00,0,-2692,19670
2017-05-30 10:00:00,-10,-2702,19660
2017-05-30 11:00:00,10,-2692,19670
2017-05-30 12:00:00,30,-2662,19660
2017-05-30 13:00:00,-40,-2702,19630
2017-05-30 14:00:00,-10,-2712,19670
2017-05-30 15:00:00,0,-2712,19660
2017-05-30 16:00:00,0,-2712,19660
2017-05-30 17:00:00,-10,-2722,19630
2017-05-30 18:00:00,0,-2722,19640
2017-05-30 19:00:00,0,-2722,19640
2017-05-30 20:00:00,10,-2712,19630
2017-05-30 21:00:00,10,-2702,19620
2017-05-31 00:00:00,-10,-2712,19630
2017-05-31 01:00:00,-30,-2742,19620
2017-05-31 02:00:00,0,-2742,19650
2017-05-31 03:00:00,20,-2722,19650
2017-05-31 04:00:00,20,-2702,19670
2017-05-31 05:00:00,0,-2702,19650
2017-05-31 06:00:00,-10,-2712,19630
2017-05-31 07:00:00,20,-2692,19640
2017-05-31 08:00:00,0,-2692,19660
2017-05-31 09:00:00,0,-2692,19660
2017-05-31 10:00:00,-10,-2702,19660
2017-05-31 11:00:00,20,-2682,19650
2017-05-31 12:00:00,40,-2642,19670
2017-05-31 13:00:00,20,-2622,19710
2017-05-31 14:00:00,50,-2572,19690
2017-05-31 15:00:00,20,-2552,19640
2017-05-31 16:00:00,0,-2552,19660
2017-05-31 17:00:00,0,-2552,19660
2017-05-31 18:00:00,-10,-2562,19650
2017-05-31 19:00:00,0,-2562,19640
2017-05-31 20:00:00,-20,-2582,19640
2017-05-31 21:00:00,20,-2562,19660
2017-06-01 00:00:00,0,-2562,19680
2017-06-01 01:00:00,-160,-2722,19680
2017-06-01 02:00:00,0,-2722,19840
2017-06-01 03:00:00,50,-2672,19800
2017-06-01 04:00:00,10,-2662,19850
2017-06-01 05:00:00,20,-2642,19860
2017-06-01 06:00:00,-20,-2662,19880
2017-06-01 07:00:00,0,-2662,19860
2017-06-01 08:00:00,0,-2662,19860
2017-06-01 09:00:00,-30,-2692,19870
2017-06-01 10:00:00,-10,-2702,19900
2017-06-01 11:00:00,0,-2702,19890
2017-06-01 12:00:00,0,-2702,19890
2017-06-01 13:00:00,0,-2702,19890
2017-06-01 14:00:00,10,-2692,19900
2017-06-01 15:00:00,-30,-2722,19910
2017-06-01 16:00:00,-10,-2732,19880
2017-06-01 17:00:00,30,-2702,19890
2017-06-01 18:00:00,0,-2702,19920
2017-06-01 19:00:00,0,-2702,19910
2017-06-01 20:00:00,0,-2702,19910
2017-06-01 21:00:00,0,-2702,19910
2017-06-02 00:00:00,0,-2702,19910
2017-06-02 01:00:00,130,-2572,19960
2017-06-02 02:00:00,10,-2562,20090
2017-06-02 03:00:00,80,-2482,20100
2017-06-02 04:00:00,30,-2452,20180
2017-06-02 05:00:00,0,-2452,20210
2017-06-02 06:00:00,0,-2452,20210
2017-06-02 07:00:00,30,-2422,20200
2017-06-02 08:00:00,-20,-2442,20170
2017-06-02 09:00:00,20,-2422,20190
2017-06-02 10:00:00,-20,-2442,20170
2017-06-02 11:00:00,-40,-2482,20190
2017-06-02 12:00:00,20,-2462,20230
2017-06-02 13:00:00,90,-2372,20210
2017-06-02 14:00:00,40,-2332,20120
2017-06-02 15:00:00,-50,-2382,20080
2017-06-02 16:00:00,20,-2362,20130
2017-06-02 17:00:00,10,-2352,20150
2017-06-02 18:00:00,10,-2342,20160
2017-06-02 19:00:00,0,-2342,20170
2017-06-02 20:00:00,0,-2342,20170
2017-06-02 21:00:00,-30,-2372,20170
2017-06-05 00:00:00,-20,-2392,20140
2017-06-05 01:00:00,0,-2392,20120
2017-06-05 02:00:00,0,-2392,20130
2017-06-05 03:00:00,9,-2383,20176
2017-06-05 04:00:00,-10,-2393,20185
2017-06-05 05:00:00,-30,-2423,20175
2017-06-05 06:00:00,25,-2398,20205
2017-06-05 07:00:00,0,-2398,20180
2017-06-05 08:00:00,10,-2388,20150
2017-06-05 09:00:00,10,-2378,20140
2017-06-05 10:00:00,-10,-2388,20130
2017-06-05 11:00:00,0,-2388,20140
2017-06-05 12:00:00,0,-2388,20140
2017-06-05 13:00:00,-13,-2401,20137
2017-06-05 14:00:00,10,-2391,20150
2017-06-05 15:00:00,10,-2381,20160
2017-06-05 16:00:00,0,-2381,20150
2017-06-05 17:00:00,-3,-2384,20150
2017-06-05 18:00:00,-3,-2387,20147
2017-06-05 19:00:00,-4,-2391,20150
2017-06-05 20:00:00,14,-2377,20146
2017-06-05 21:00:00,-20,-2397,20160
2017-06-06 00:00:00,0,-2397,20140
2017-06-06 01:00:00,-60,-2457,20140
2017-06-06 02:00:00,-33,-2490,20080
2017-06-06 03:00:00,0,-2490,20047
2017-06-06 04:00:00,0,-2490,20047
2017-06-06 05:00:00,10,-2480,20056
2017-06-06 06:00:00,96,-2384,20066
2017-06-06 07:00:00,0,-2384,19970
2017-06-06 08:00:00,-10,-2394,19970
2017-06-06 09:00:00,-5,-2399,19980
2017-06-06 10:00:00,-25,-2424,19985
2017-06-06 11:00:00,30,-2394,19960
2017-06-06 12:00:00,-5,-2399,19930
2017-06-06 13:00:00,-5,-2404,19925
2017-06-06 14:00:00,-30,-2434,19920
2017-06-06 15:00:00,-20,-2454,19950
2017-06-06 16:00:00,-10,-2464,19930
2017-06-06 17:00:00,0,-2464,19940
2017-06-06 18:00:00,-30,-2494,19940
2017-06-06 19:00:00,0,-2494,19910
2017-06-06 20:00:00,15,-2479,19945
2017-06-06 21:00:00,10,-2469,19930
2017-06-07 00:00:00,-30,-2499,19940
2017-06-07 01:00:00,-60,-2559,19970
2017-06-07 02:00:00,-40,-2599,19910
2017-06-07 03:00:00,10,-2589,19950
2017-06-07 04:00:00,17,-2572,19940
2017-06-07 05:00:00,39,-2533,19957
2017-06-07 06:00:00,-9,-2542,19996
2017-06-07 07:00:00,37,-2505,19987
2017-06-07 08:00:00,-10,-2515,19950
2017-06-07 09:00:00,10,-2505,19940
2017-06-07 10:00:00,10,-2495,19930
2017-06-07 11:00:00,30,-2465,19940
2017-06-07 12:00:00,0,-2465,19970
2017-06-07 13:00:00,-2,-2467,19970
2017-06-07 14:00:00,-12,-2479,19968
2017-06-07 15:00:00,-30,-2509,19980
2017-06-07 16:00:00,0,-2509,19950
2017-06-07 17:00:00,20,-2489,19960
2017-06-07 18:00:00,30,-2459,19940
2017-06-07 19:00:00,30,-2429,19970
2017-06-07 20:00:00,10,-2419,20000
2017-06-07 21:00:00,0,-2419,20010
2017-06-08 00:00:00,40,-2379,20010
2017-06-08 01:00:00,0,-2379,20050
2017-06-08 02:00:00,34,-2345,20020
2017-06-08 03:00:00,-11,-2356,19986
2017-06-08 04:00:00,-21,-2377,19975
2017-06-08 05:00:00,-4,-2381,19996
2017-06-08 06:00:00,-80,-2461,20000
2017-06-08 07:00:00,50,-2411,19920
2017-06-08 08:00:00,-20,-2431,19970
2017-06-08 09:00:00,0,-2431,19950
2017-06-08 10:00:00,0,-2431,19950
2017-06-08 11:00:00,-20,-2451,19990
2017-06-08 12:00:00,-20,-2471,20010
2017-06-08 13:00:00,-10,-2481,19990
2017-06-08 14:00:00,20,-2461,19980
2017-06-08 15:00:00,-10,-2471,20000
2017-06-08 16:00:00,0,-2471,19990
2017-06-08 17:00:00,0,-2471,19990
2017-06-08 18:00:00,-10,-2481,20010
2017-06-08 19:00:00,20,-2461,20000
2017-06-08 20:00:00,30,-2431,19980
2017-06-08 21:00:00,0,-2431,20010
2017-06-09 00:00:00,60,-2371,20010
2017-06-09 01:00:00,40,-2331,19950
2017-06-09 02:00:00,-140,-2471,19910
2017-06-09 03:00:00,20,-2451,20050
2017-06-09 04:00:00,10,-2441,20030
2017-06-09 05:00:00,50,-2391,20020
2017-06-09 06:00:00,-10,-2401,19970
2017-06-09 07:00:00,30,-2371,19980
2017-06-09 08:00:00,-10,-2381,19950
2017-06-09 09:00:00,-30,-2411,19960
2017-06-09 10:00:00,-10,-2421,19990
2017-06-09 11:00:00,-20,-2441,20000
2017-06-09 12:00:00,0,-2441,19980
2017-06-09 13:00:00,10,-2431,19980
2017-06-09 14:00:00,40,-2391,19990
2017-06-09 15:00:00,20,-2371,20030
2017-06-09 16:00:00,-10,-2381,20050
2017-06-09 17:00:00,-30,-2411,20060
2017-06-09 18:00:00,-80,-2491,20030
2017-06-09 19:00:00,-120,-2611,19950
2017-06-09 20:00:00,70,-2541,19830
2017-06-09 21:00:00,0,-2541,19900
2017-06-12 00:00:00,-20,-2561,19900
2017-06-12 01:00:00,-60,-2621,19880
2017-06-12 02:00:00,60,-2561,19820
2017-06-12 03:00:00,-10,-2571,19880
2017-06-12 04:00:00,20,-2551,19870
2017-06-12 05:00:00,-30,-2581,19890
2017-06-12 06:00:00,-20,-2601,19860
2017-06-12 07:00:00,20,-2581,19880
2017-06-12 08:00:00,-10,-2591,19860
2017-06-12 09:00:00,50,-2541,19850
2017-06-12 10:00:00,-10,-2551,19800
2017-06-12 11:00:00,-30,-2581,19790
2017-06-12 12:00:00,-20,-2601,19820
2017-06-12 13:00:00,-10,-2611,19800
2017-06-12 14:00:00,40,-2571,19810
2017-06-12 15:00:00,20,-2551,19770
2017-06-12 16:00:00,-10,-2561,19790
2017-06-12 17:00:00,20,-2541,19780
2017-06-12 18:00:00,0,-2541,19760
2017-06-12 19:00:00,30,-2511,19760
2017-06-12 20:00:00,10,-2501,19790
2017-06-12 21:00:00,20,-2481,19800
2017-06-13 00:00:00,0,-2481,19820
2017-06-13 01:00:00,-30,-2511,19820
2017-06-13 02:00:00,-10,-2521,19850
2017-06-13 03:00:00,0,-2521,19860
2017-06-13 04:00:00,-10,-2531,19860
2017-06-13 05:00:00,0,-2531,19870
2017-06-13 06:00:00,0,-2531,19870
2017-06-13 07:00:00,0,-2531,19870
2017-06-13 08:00:00,10,-2521,19890
2017-06-13 09:00:00,-20,-2541,19900
2017-06-13 10:00:00,10,-2531,19880
2017-06-13 11:00:00,-10,-2541,19890
2017-06-13 12:00:00,0,-2541,19880
2017-06-13 13:00:00,20,-2521,19880
2017-06-13 14:00:00,10,-2511,19900
2017-06-13 15:00:00,-30,-2541,19910
2017-06-13 16:00:00,30,-2511,19880
2017-06-13 17:00:00,0,-2511,19910
2017-06-13 18:00:00,-10,-2521,19910
2017-06-13 19:00:00,0,-2521,19900
2017-06-13 20:00:00,10,-2511,19900
2017-06-13 21:00:00,10,-2501,19910
2017-06-14 00:00:00,20,-2481,19920
2017-06-14 01:00:00,0,-2481,19940
2017-06-14 02:00:00,10,-2471,19940
2017-06-14 03:00:00,-50,-2521,19930
2017-06-14 04:00:00,-10,-2531,19880
2017-06-14 05:00:00,10,-2521,19890
2017-06-14 06:00:00,-50,-2571,19900
2017-06-14 07:00:00,30,-2541,19850
2017-06-14 08:00:00,20,-2521,19880
2017-06-14 09:00:00,0,-2521,19900
2017-06-14 10:00:00,20,-2501,19900
2017-06-14 11:00:00,0,-2501,19920
2017-06-14 12:00:00,20,-2481,19920
2017-06-14 13:00:00,-100,-2581,19940
2017-06-14 14:00:00,0,-2581,19840
2017-06-14 15:00:00,110,-2471,19840
2017-06-14 16:00:00,-40,-2511,19730
2017-06-14 17:00:00,10,-2501,19770
2017-06-14 18:00:00,10,-2491,19780
2017-06-14 19:00:00,30,-2461,19790
2017-06-14 20:00:00,40,-2421,19820
2017-06-14 21:00:00,-20,-2441,19860
2017-06-15 00:00:00,-40,-2481,19840
2017-06-15 01:00:00,90,-2391,19800
2017-06-15 02:00:00,-130,-2521,19890
2017-06-15 03:00:00,0,-2521,19760
2017-06-15 04:00:00,10,-2511,19760
2017-06-15 05:00:00,0,-2511,19770
2017-06-15 06:00:00,30,-2481,19770
2017-06-15 07:00:00,10,-2471,19800
2017-06-15 08:00:00,-60,-2531,19810
2017-06-15 09:00:00,-20,-2551,19750
2017-06-15 10:00:00,0,-2551,19730
2017-06-15 11:00:00,-20,-2571,19730
2017-06-15 12:00:00,30,-2541,19710
2017-06-15 13:00:00,10,-2531,19740
2017-06-15 14:00:00,20,-2511,19750
2017-06-15 15:00:00,10,-2501,19770
2017-06-15 16:00:00,10,-2491,19780
2017-06-15 17:00:00,30,-2461,19790
2017-06-15 18:00:00,40,-2421,19820
2017-06-15 19:00:00,0,-2421,19860
2017-06-15 20:00:00,20,-2401,19860
2017-06-15 21:00:00,10,-2391,19880
2017-06-16 00:00:00,10,-2381,19890
2017-06-16 01:00:00,-20,-2401,19900
2017-06-16 02:00:00,-40,-2441,19880
2017-06-16 03:00:00,10,-2431,19920
2017-06-16 04:00:00,-30,-2461,19910
2017-06-16 05:00:00,-10,-2471,19940
2017-06-16 06:00:00,50,-2421,19950
2017-06-16 07:00:00,-40,-2461,19900
2017-06-16 08:00:00,0,-2461,19940
2017-06-16 09:00:00,20,-2441,19940
2017-06-16 10:00:00,-20,-2461,19960
2017-06-16 11:00:00,-10,-2471,19940
2017-06-16 12:00:00,0,-2471,19950
2017-06-16 13:00:00,-30,-2501,19950
2017-06-16 14:00:00,10,-2491,19920
2017-06-16 15:00:00,-40,-2531,19910
2017-06-16 16:00:00,-40,-2571,19870
2017-06-16 17:00:00,0,-2571,19910
2017-06-16 18:00:00,0,-2571,19910
2017-06-16 19:00:00,0,-2571,19910
2017-06-16 20:00:00,0,-2571,19910
2017-06-16 21:00:00,0,-2571,19940
2017-06-19 00:00:00,0,-2571,19920
2017-06-19 01:00:00,-110,-2681,19930
2017-06-19 02:00:00,-30,-2711,20040
2017-06-19 03:00:00,-10,-2721,20010
2017-06-19 04:00:00,-10,-2731,20020
2017-06-19 05:00:00,-20,-2751,20030
2017-06-19 06:00:00,30,-2721,20010
2017-06-19 07:00:00,-10,-2731,20040
2017-06-19 08:00:00,30,-2701,20030
2017-06-19 09:00:00,0,-2701,20060
2017-06-19 10:00:00,0,-2701,20060
2017-06-19 11:00:00,0,-2701,20040
2017-06-19 12:00:00,10,-2691,20040
2017-06-19 13:00:00,10,-2681,20050
2017-06-19 14:00:00,30,-2651,20060
2017-06-19 15:00:00,0,-2651,20090
2017-06-19 16:00:00,0,-2651,20090
2017-06-19 17:00:00,0,-2651,20100
2017-06-19 18:00:00,0,-2651,20100
2017-06-19 19:00:00,0,-2651,20120
2017-06-19 20:00:00,20,-2631,20120
2017-06-19 21:00:00,-10,-2641,20140
2017-06-20 00:00:00,0,-2641,20130
2017-06-20 01:00:00,-40,-2681,20200
2017-06-20 02:00:00,10,-2671,20240
2017-06-20 03:00:00,10,-2661,20250
2017-06-20 04:00:00,10,-2651,20260
2017-06-20 05:00:00,-20,-2671,20270
2017-06-20 06:00:00,0,-2671,20250
2017-06-20 07:00:00,0,-2671,20200
2017-06-20 08:00:00,0,-2671,20200
2017-06-20 09:00:00,-30,-2701,20230
2017-06-20 10:00:00,0,-2701,20200
2017-06-20 11:00:00,0,-2701,20200
2017-06-20 12:00:00,-10,-2711,20190
2017-06-20 13:00:00,20,-2691,20200
2017-06-20 14:00:00,-30,-2721,20180
2017-06-20 15:00:00,-10,-2731,20210
2017-06-20 16:00:00,50,-2681,20220
2017-06-20 17:00:00,10,-2671,20170
2017-06-20 18:00:00,10,-2661,20160
2017-06-20 19:00:00,-10,-2671,20150
2017-06-20 20:00:00,0,-2671,20160
2017-06-20 21:00:00,20,-2651,20160
2017-06-21 00:00:00,-10,-2661,20140
2017-06-21 01:00:00,-10,-2671,20150
2017-06-21 02:00:00,10,-2661,20160
2017-06-21 03:00:00,30,-2631,20150
2017-06-21 04:00:00,10,-2621,20120
2017-06-21 05:00:00,0,-2621,20110
2017-06-21 06:00:00,10,-2611,20110
2017-06-21 07:00:00,-10,-2621,20100
2017-06-21 08:00:00,50,-2571,20110
2017-06-21 09:00:00,-20,-2591,20060
2017-06-21 10:00:00,20,-2571,20080
2017-06-21 11:00:00,-30,-2601,20060
2017-06-21 12:00:00,-10,-2611,20090
2017-06-21 13:00:00,-30,-2641,20100
2017-06-21 14:00:00,0,-2641,20130
2017-06-21 15:00:00,0,-2641,20130
2017-06-21 16:00:00,10,-2631,20130
2017-06-21 17:00:00,30,-2601,20120
2017-06-21 18:00:00,0,-2601,20090
2017-06-21 19:00:00,-10,-2611,20090
2017-06-21 20:00:00,0,-2611,20100
2017-06-21 21:00:00,0,-2611,20090
2017-06-22 00:00:00,0,-2611,20110
2017-06-22 01:00:00,40,-2571,20110
2017-06-22 02:00:00,40,-2531,20070
2017-06-22 03:00:00,0,-2531,20110
2017-06-22 04:00:00,0,-2531,20090
2017-06-22 05:00:00,30,-2501,20130
2017-06-22 06:00:00,20,-2481,20100
2017-06-22 07:00:00,10,-2471,20080
2017-06-22 08:00:00,20,-2451,20070
2017-06-22 09:00:00,-10,-2461,20050
2017-06-22 10:00:00,-20,-2481,20060
2017-06-22 11:00:00,-10,-2491,20080
2017-06-22 12:00:00,-10,-2501,20090
2017-06-22 13:00:00,20,-2481,20100
2017-06-22 14:00:00,0,-2481,20080
2017-06-22 15:00:00,-30,-2511,20080
2017-06-22 16:00:00,0,-2511,20110
2017-06-22 17:00:00,0,-2511,20110
2017-06-22 18:00:00,-20,-2531,20110
2017-06-22 19:00:00,20,-2511,20130
2017-06-22 20:00:00,20,-2491,20110
2017-06-22 21:00:00,-30,-2521,20090
2017-06-23 00:00:00,10,-2511,20120
2017-06-23 01:00:00,30,-2481,20110
2017-06-23 02:00:00,10,-2471,20080
2017-06-23 03:00:00,-30,-2501,20070
2017-06-23 04:00:00,0,-2501,20100
2017-06-23 05:00:00,10,-2491,20100
2017-06-23 06:00:00,-10,-2501,20090
2017-06-23 07:00:00,20,-2481,20100
2017-06-23 08:00:00,-10,-2491,20080
2017-06-23 09:00:00,0,-2491,20090
2017-06-23 10:00:00,20,-2471,20090
2017-06-23 11:00:00,-10,-2481,20070
2017-06-23 12:00:00,10,-2471,20080
2017-06-23 13:00:00,-10,-2481,20070
2017-06-23 14:00:00,0,-2481,20080
2017-06-23 15:00:00,0,-2481,20080
2017-06-23 16:00:00,10,-2471,20090
2017-06-23 17:00:00,-10,-2481,20080
2017-06-23 18:00:00,-10,-2491,20090
2017-06-23 19:00:00,10,-2481,20100
2017-06-23 20:00:00,-10,-2491,20090
2017-06-23 21:00:00,10,-2481,20100
2017-06-26 00:00:00,0,-2481,20090
2017-06-26 01:00:00,30,-2451,20090
2017-06-26 02:00:00,-10,-2461,20120
2017-06-26 03:00:00,-10,-2471,20110
2017-06-26 04:00:00,10,-2461,20120
2017-06-26 05:00:00,-10,-2471,20130
2017-06-26 06:00:00,0,-2471,20120
2017-06-26 07:00:00,0,-2471,20120
2017-06-26 08:00:00,-30,-2501,20120
2017-06-26 09:00:00,30,-2471,20150
2017-06-26 10:00:00,0,-2471,20180
2017-06-26 11:00:00,0,-2471,20180
2017-06-26 12:00:00,-10,-2481,20180
2017-06-26 13:00:00,10,-2471,20190
2017-06-26 14:00:00,20,-2451,20180
2017-06-26 15:00:00,0,-2451,20200
2017-06-26 16:00:00,-10,-2461,20150
2017-06-26 17:00:00,0,-2461,20160
2017-06-26 18:00:00,-10,-2471,20160
2017-06-26 19:00:00,10,-2461,20170
2017-06-26 20:00:00,0,-2461,20180
2017-06-26 21:00:00,0,-2461,20180
2017-06-27 00:00:00,20,-2441,20180
2017-06-27 01:00:00,30,-2411,20200
2017-06-27 02:00:00,20,-2391,20170
2017-06-27 03:00:00,10,-2381,20190
2017-06-27 04:00:00,0,-2381,20180
2017-06-27 05:00:00,0,-2381,20180
2017-06-27 06:00:00,0,-2381,20190
2017-06-27 07:00:00,0,-2381,20190
2017-06-27 08:00:00,20,-2361,20150
2017-06-27 09:00:00,0,-2361,20130
2017-06-27 10:00:00,10,-2351,20130
2017-06-27 11:00:00,-10,-2361,20140
2017-06-27 12:00:00,0,-2361,20150
2017-06-27 13:00:00,-10,-2371,20160
2017-06-27 14:00:00,10,-2361,20170
2017-06-27 15:00:00,-20,-2381,20160
2017-06-27 16:00:00,0,-2381,20180
2017-06-27 17:00:00,-30,-2411,20200
2017-06-27 18:00:00,10,-2401,20170
2017-06-27 19:00:00,0,-2401,20160
2017-06-27 20:00:00,-10,-2411,20160
2017-06-27 21:00:00,0,-2411,20150
2017-06-28 00:00:00,-10,-2421,20150
2017-06-28 01:00:00,40,-2381,20140
2017-06-28 02:00:00,10,-2371,20180
2017-06-28 03:00:00,-60,-2431,20190
2017-06-28 04:00:00,-30,-2461,20130
2017-06-28 05:00:00,-10,-2471,20160
2017-06-28 06:00:00,20,-2451,20150
2017-06-28 07:00:00,10,-2441,20130
2017-06-28 08:00:00,30,-2411,20140
2017-06-28 09:00:00,-30,-2441,20110
2017-06-28 10:00:00,30,-2411,20080
2017-06-28 11:00:00,10,-2401,20110
2017-06-28 12:00:00,10,-2391,20100
2017-06-28 13:00:00,20,-2371,20110
2017-06-28 14:00:00,-10,-2381,20090
2017-06-28 15:00:00,-50,-2431,20080
2017-06-28 16:00:00,50,-2381,20130
2017-06-28 17:00:00,20,-2361,20180
2017-06-28 18:00:00,0,-2361,20200
2017-06-28 19:00:00,0,-2361,20200
2017-06-28 20:00:00,10,-2351,20200
2017-06-28 21:00:00,10,-2341,20210
2017-06-29 00:00:00,40,-2301,20220
2017-06-29 01:00:00,-50,-2351,20260
2017-06-29 02:00:00,20,-2331,20210
2017-06-29 03:00:00,0,-2331,20230
2017-06-29 04:00:00,10,-2321,20230
2017-06-29 05:00:00,-20,-2341,20220
2017-06-29 06:00:00,10,-2331,20200
2017-06-29 07:00:00,0,-2331,20210
2017-06-29 08:00:00,10,-2321,20210
2017-06-29 09:00:00,10,-2311,20220
2017-06-29 10:00:00,-10,-2321,20230
2017-06-29 11:00:00,0,-2321,20220
2017-06-29 12:00:00,30,-2291,20220
2017-06-29 13:00:00,-10,-2301,20250
2017-06-29 14:00:00,-60,-2361,20240
2017-06-29 15:00:00,-50,-2411,20180
2017-06-29 16:00:00,-100,-2511,20130
2017-06-29 17:00:00,-100,-2611,20030
2017-06-29 18:00:00,-10,-2621,19930
2017-06-29 19:00:00,40,-2581,19920
2017-06-29 20:00:00,10,-2571,19960
2017-06-29 21:00:00,10,-2561,19970
2017-06-30 00:00:00,40,-2521,19980
2017-06-30 01:00:00,-50,-2571,20020
2017-06-30 02:00:00,40,-2531,19970
2017-06-30 03:00:00,-30,-2561,20010
2017-06-30 04:00:00,-20,-2581,19980
2017-06-30 05:00:00,0,-2581,19960
2017-06-30 06:00:00,60,-2521,19960
2017-06-30 07:00:00,-30,-2551,20020
2017-06-30 08:00:00,0,-2551,19990
2017-06-30 09:00:00,0,-2551,19990
2017-06-30 10:00:00,0,-2551,20000
2017-06-30 11:00:00,30,-2521,20030
2017-06-30 12:00:00,0,-2521,20060
2017-06-30 13:00:00,-10,-2531,20050
2017-06-30 14:00:00,0,-2531,20040
2017-06-30 15:00:00,0,-2531,20040
2017-06-30 16:00:00,0,-2531,20030
2017-06-30 17:00:00,0,-2531,20030
2017-06-30 18:00:00,-10,-2541,20030
2017-06-30 19:00:00,-20,-2561,20040
2017-06-30 20:00:00,-20,-2581,20060
2017-06-30 21:00:00,0,-2581,20080
2017-07-03 00:00:00,40,-2541,20080
2017-07-03 01:00:00,10,-2531,20040
2017-07-03 02:00:00,10,-2521,20050
2017-07-03 03:00:00,0,-2521,20060
2017-07-03 04:00:00,-10,-2531,20060
2017-07-03 05:00:00,0,-2531,20070
2017-07-03 06:00:00,-40,-2571,20070
2017-07-03 07:00:00,40,-2531,20030
2017-07-03 08:00:00,-40,-2571,20070
2017-07-03 09:00:00,10,-2561,20110
2017-07-03 10:00:00,-10,-2571,20120
2017-07-03 11:00:00,20,-2551,20110
2017-07-03 12:00:00,0,-2551,20130
2017-07-03 13:00:00,0,-2551,20130
2017-07-03 14:00:00,-10,-2561,20130
2017-07-03 15:00:00,0,-2561,20140
2017-07-03 16:00:00,0,-2561,20180
2017-07-03 17:00:00,30,-2531,20180
2017-07-03 18:00:00,0,-2531,20150
2017-07-03 19:00:00,0,-2531,20150
2017-07-03 20:00:00,0,-2531,20150
2017-07-03 21:00:00,0,-2531,20150
2017-07-04 00:00:00,10,-2521,20190
2017-07-04 01:00:00,70,-2451,20180
2017-07-04 02:00:00,-20,-2471,20110
2017-07-04 03:00:00,0,-2471,20130
2017-07-04 04:00:00,-50,-2521,20130
2017-07-04 05:00:00,-50,-2571,20080
2017-07-04 06:00:00,0,-2571,20030
2017-07-04 07:00:00,10,-2561,20020
2017-07-04 08:00:00,-30,-2591,20010
2017-07-04 09:00:00,0,-2591,20040
2017-07-04 10:00:00,0,-2591,20040
2017-07-04 11:00:00,-10,-2601,20060
2017-07-04 12:00:00,10,-2591,20050
2017-07-04 13:00:00,0,-2591,20060
2017-07-04 14:00:00,20,-2571,20050
2017-07-04 15:00:00,-20,-2591,20070
2017-07-04 16:00:00,-10,-2601,20050
2017-07-04 17:00:00,10,-2591,20040
2017-07-04 18:00:00,10,-2581,20050
2017-07-04 19:00:00,-10,-2591,20060
2017-07-04 20:00:00,-10,-2601,20050
2017-07-04 21:00:00,10,-2591,20040
2017-07-05 00:00:00,40,-2551,20050
2017-07-05 01:00:00,-60,-2611,20010
2017-07-05 02:00:00,-50,-2661,19950
2017-07-05 03:00:00,-30,-2691,19900
2017-07-05 04:00:00,60,-2631,19930
2017-07-05 05:00:00,40,-2591,19990
2017-07-05 06:00:00,30,-2561,20030
2017-07-05 07:00:00,10,-2551,20060
2017-07-05 08:00:00,40,-2511,20070
2017-07-05 09:00:00,-10,-2521,20110
2017-07-05 10:00:00,10,-2511,20100
2017-07-05 11:00:00,0,-2511,20110
2017-07-05 12:00:00,-20,-2531,20110
2017-07-05 13:00:00,10,-2521,20090
2017-07-05 14:00:00,-50,-2571,20100
2017-07-05 15:00:00,-10,-2581,20050
2017-07-05 16:00:00,10,-2571,20040
2017-07-05 17:00:00,10,-2561,20030
2017-07-05 18:00:00,20,-2541,20040
2017-07-05 19:00:00,10,-2531,20060
2017-07-05 20:00:00,0,-2531,20070
2017-07-05 21:00:00,0,-2531,20070
2017-07-06 00:00:00,20,-2511,20070
2017-07-06 01:00:00,60,-2451,20050
2017-07-06 02:00:00,-10,-2461,19990
2017-07-06 03:00:00,20,-2441,20000
2017-07-06 04:00:00,-40,-2481,19980
2017-07-06 05:00:00,20,-2461,19940
2017-07-06 06:00:00,30,-2431,19960
2017-07-06 07:00:00,-20,-2451,19990
2017-07-06 08:00:00,0,-2451,19970
2017-07-06 09:00:00,0,-2451,19960
2017-07-06 10:00:00,0,-2451,19970
2017-07-06 11:00:00,10,-2441,19950
2017-07-06 12:00:00,20,-2421,19940
2017-07-06 13:00:00,-10,-2431,19920
2017-07-06 14:00:00,20,-2411,19910
2017-07-06 15:00:00,0,-2411,19890
2017-07-06 16:00:00,0,-2411,19890
2017-07-06 17:00:00,10,-2401,19910
2017-07-06 18:00:00,10,-2391,19920
2017-07-06 19:00:00,20,-2371,19910
2017-07-06 20:00:00,10,-2361,19890
2017-07-06 21:00:00,30,-2331,19900
2017-07-07 02:00:00,-80,-2411,19870
2017-07-07 03:00:00,20,-2391,19950
2017-07-07 04:00:00,10,-2381,19930
2017-07-07 05:00:00,40,-2341,19920
2017-07-07 06:00:00,-30,-2371,19880
2017-07-07 07:00:00,-40,-2411,19910
2017-07-07 08:00:00,-20,-2431,19950
2017-07-07 09:00:00,0,-2431,19930
2017-07-07 10:00:00,0,-2431,19930
2017-07-07 11:00:00,0,-2431,19930
2017-07-07 12:00:00,0,-2431,19940
2017-07-07 13:00:00,40,-2391,19940
2017-07-07 14:00:00,-10,-2401,19980
2017-07-07 15:00:00,0,-2401,19990
2017-07-07 16:00:00,50,-2351,19990
2017-07-07 17:00:00,0,-2351,20040
2017-07-07 18:00:00,0,-2351,20040
2017-07-07 19:00:00,0,-2351,20040
2017-07-07 20:00:00,-10,-2361,20030
2017-07-07 21:00:00,10,-2351,20020
2017-07-10 00:00:00,-30,-2381,20030
2017-07-10 01:00:00,0,-2381,20060
2017-07-10 02:00:00,-10,-2391,20030
2017-07-10 03:00:00,20,-2371,20040
2017-07-10 04:00:00,30,-2341,20060
2017-07-10 05:00:00,-40,-2381,20090
2017-07-10 06:00:00,-20,-2401,20050
2017-07-10 07:00:00,30,-2371,20070
2017-07-10 08:00:00,-10,-2381,20100
2017-07-10 09:00:00,10,-2371,20090
2017-07-10 10:00:00,0,-2371,20100
2017-07-10 11:00:00,0,-2371,20100
2017-07-10 12:00:00,-30,-2401,20110
2017-07-10 13:00:00,0,-2401,20080
2017-07-10 14:00:00,0,-2401,20080
2017-07-10 15:00:00,30,-2371,20070
2017-07-10 16:00:00,-10,-2381,20100
2017-07-10 17:00:00,0,-2381,20090
2017-07-10 18:00:00,-10,-2391,20090
2017-07-10 19:00:00,0,-2391,20080
2017-07-10 20:00:00,-20,-2411,20080
2017-07-10 21:00:00,-10,-2421,20060
2017-07-11 00:00:00,-20,-2441,20050
2017-07-11 01:00:00,-30,-2471,20070
2017-07-11 02:00:00,-10,-2481,20100
2017-07-11 03:00:00,40,-2441,20090
2017-07-11 04:00:00,20,-2421,20130
2017-07-11 05:00:00,10,-2411,20150
2017-07-11 06:00:00,20,-2391,20160
2017-07-11 07:00:00,0,-2391,20180
2017-07-11 08:00:00,-30,-2421,20180
2017-07-11 09:00:00,0,-2421,20150
2017-07-11 10:00:00,0,-2421,20150
2017-07-11 11:00:00,0,-2421,20150
2017-07-11 12:00:00,0,-2421,20140
2017-07-11 13:00:00,0,-2421,20140
2017-07-11 14:00:00,0,-2421,20140
2017-07-11 15:00:00,-20,-2441,20140
2017-07-11 16:00:00,0,-2441,20160
2017-07-11 17:00:00,40,-2401,20130
2017-07-11 18:00:00,0,-2401,20090
2017-07-11 19:00:00,0,-2401,20110
2017-07-11 20:00:00,0,-2401,20110
2017-07-11 21:00:00,0,-2401,20110
2017-07-12 00:00:00,0,-2401,20110
2017-07-12 01:00:00,20,-2381,20110
2017-07-12 02:00:00,20,-2361,20090
2017-07-12 03:00:00,-10,-2371,20110
2017-07-12 04:00:00,-40,-2411,20100
2017-07-12 05:00:00,0,-2411,20060
2017-07-12 06:00:00,0,-2411,20070
2017-07-12 07:00:00,-30,-2441,20090
2017-07-12 08:00:00,-30,-2471,20060
2017-07-12 09:00:00,10,-2461,20090
2017-07-12 10:00:00,0,-2461,20080
2017-07-12 11:00:00,0,-2461,20080
2017-07-12 12:00:00,0,-2461,20100
2017-07-12 13:00:00,0,-2461,20100
2017-07-12 14:00:00,-60,-2521,20080
2017-07-12 15:00:00,20,-2501,20140
2017-07-12 16:00:00,-20,-2521,20120
2017-07-12 17:00:00,0,-2521,20140
2017-07-12 18:00:00,0,-2521,20140
2017-07-12 19:00:00,10,-2511,20160
2017-07-12 20:00:00,20,-2491,20150
2017-07-12 21:00:00,0,-2491,20130
2017-07-13 00:00:00,0,-2491,20130
2017-07-13 01:00:00,50,-2441,20150
2017-07-13 02:00:00,0,-2441,20100
2017-07-13 03:00:00,20,-2421,20100
2017-07-13 04:00:00,20,-2401,20080
2017-07-13 05:00:00,-40,-2441,20060
2017-07-13 06:00:00,10,-2431,20100
2017-07-13 07:00:00,10,-2421,20090
2017-07-13 08:00:00,-20,-2441,20080
2017-07-13 09:00:00,-10,-2451,20100
2017-07-13 10:00:00,0,-2451,20110
2017-07-13 11:00:00,10,-2441,20110
2017-07-13 12:00:00,0,-2441,20100
2017-07-13 13:00:00,-10,-2451,20110
2017-07-13 14:00:00,0,-2451,20120
2017-07-13 15:00:00,10,-2441,20120
2017-07-13 16:00:00,10,-2431,20110
2017-07-13 17:00:00,0,-2431,20100
2017-07-13 18:00:00,0,-2431,20100
2017-07-13 19:00:00,0,-2431,20100
2017-07-13 20:00:00,10,-2421,20100
2017-07-13 21:00:00,20,-2401,20110
2017-07-14 00:00:00,-10,-2411,20130
2017-07-14 01:00:00,0,-2411,20120
2017-07-14 02:00:00,-10,-2421,20120
2017-07-14 03:00:00,0,-2421,20110
2017-07-14 04:00:00,0,-2421,20110
2017-07-14 05:00:00,0,-2421,20110
2017-07-14 06:00:00,0,-2421,20110
2017-07-14 07:00:00,0,-2421,20110
2017-07-14 08:00:00,0,-2421,20110
2017-07-14 09:00:00,-20,-2441,20100
2017-07-14 10:00:00,-10,-2451,20080
2017-07-14 11:00:00,-10,-2461,20090
2017-07-14 12:00:00,10,-2451,20080
2017-07-14 13:00:00,40,-2411,20070
2017-07-14 14:00:00,0,-2411,20030
2017-07-14 15:00:00,-10,-2421,20030
2017-07-14 16:00:00,0,-2421,20040
2017-07-14 17:00:00,0,-2421,20040
2017-07-14 18:00:00,-10,-2431,20040
2017-07-14 19:00:00,20,-2411,20030
2017-07-14 20:00:00,30,-2381,20010
2017-07-14 21:00:00,-20,-2401,20040
2017-07-18 00:00:00,0,-2401,20020
2017-07-18 01:00:00,0,-2401,20050
2017-07-18 02:00:00,40,-2361,20000
2017-07-18 03:00:00,-10,-2371,19960
2017-07-18 04:00:00,20,-2351,19950
2017-07-18 05:00:00,0,-2351,19970
2017-07-18 06:00:00,-10,-2361,19970
2017-07-18 07:00:00,0,-2361,19980
2017-07-18 08:00:00,0,-2361,19980
2017-07-18 09:00:00,30,-2331,19960
2017-07-18 10:00:00,0,-2331,19990
2017-07-18 11:00:00,0,-2331,19990
2017-07-18 12:00:00,0,-2331,19960
2017-07-18 13:00:00,-40,-2371,19960
2017-07-18 14:00:00,0,-2371,19920
2017-07-18 15:00:00,0,-2371,19920
2017-07-18 16:00:00,-20,-2391,19920
2017-07-18 17:00:00,0,-2391,19940
2017-07-18 18:00:00,20,-2371,19940
2017-07-18 19:00:00,-10,-2381,19960
2017-07-18 20:00:00,20,-2361,19950
2017-07-18 21:00:00,10,-2351,19970
2017-07-19 00:00:00,-20,-2371,19980
2017-07-19 01:00:00,-20,-2391,19960
2017-07-19 02:00:00,10,-2381,19980
2017-07-19 03:00:00,10,-2371,19990
2017-07-19 04:00:00,-10,-2381,20000
2017-07-19 05:00:00,-20,-2401,19990
2017-07-19 06:00:00,30,-2371,19970
2017-07-19 07:00:00,-10,-2381,20000
2017-07-19 08:00:00,-10,-2391,20010
2017-07-19 09:00:00,-10,-2401,20000
2017-07-19 10:00:00,-10,-2411,19990
2017-07-19 11:00:00,0,-2411,19980
2017-07-19 12:00:00,0,-2411,19980
2017-07-19 13:00:00,30,-2381,19980
2017-07-19 14:00:00,20,-2361,19950
2017-07-19 15:00:00,0,-2361,19970
2017-07-19 16:00:00,20,-2341,19970
2017-07-19 17:00:00,0,-2341,19990
2017-07-19 18:00:00,-10,-2351,19980
2017-07-19 19:00:00,20,-2331,19990
2017-07-19 20:00:00,0,-2331,20010
2017-07-19 21:00:00,10,-2321,20010
2017-07-20 00:00:00,10,-2311,20020
2017-07-20 01:00:00,-10,-2321,20030
2017-07-20 02:00:00,60,-2261,20020
2017-07-20 03:00:00,-20,-2281,20080
2017-07-20 04:00:00,70,-2211,20060
2017-07-20 05:00:00,-10,-2221,20130
2017-07-20 06:00:00,10,-2211,20120
2017-07-20 07:00:00,-40,-2251,20130
2017-07-20 08:00:00,30,-2221,20090
2017-07-20 09:00:00,0,-2221,20120
2017-07-20 10:00:00,10,-2211,20120
2017-07-20 11:00:00,-10,-2221,20130
2017-07-20 12:00:00,-10,-2231,20120
2017-07-20 13:00:00,10,-2221,20110
2017-07-20 14:00:00,-20,-2241,20120
2017-07-20 15:00:00,-30,-2271,20100
2017-07-20 16:00:00,-20,-2291,20070
2017-07-20 17:00:00,0,-2291,20050
2017-07-20 18:00:00,40,-2251,20050
2017-07-20 19:00:00,0,-2251,20090
2017-07-20 20:00:00,0,-2251,20090
2017-07-20 21:00:00,0,-2251,20090
2017-07-21 00:00:00,-20,-2271,20060
2017-07-21 01:00:00,10,-2261,20080
2017-07-21 02:00:00,-10,-2271,20090
2017-07-21 03:00:00,10,-2261,20080
2017-07-21 04:00:00,-20,-2281,20070
2017-07-21 05:00:00,0,-2281,20090
2017-07-21 06:00:00,-10,-2291,20090
2017-07-21 07:00:00,0,-2291,20080
2017-07-21 08:00:00,-10,-2301,20080
2017-07-21 09:00:00,10,-2291,20070
2017-07-21 10:00:00,-30,-2321,20080
2017-07-21 11:00:00,20,-2301,20050
2017-07-21 12:00:00,0,-2301,20030
2017-07-21 13:00:00,-20,-2321,20030
2017-07-21 14:00:00,-50,-2371,20010
2017-07-21 15:00:00,10,-2361,19960
2017-07-21 16:00:00,-10,-2371,19950
2017-07-21 17:00:00,-10,-2381,19960
2017-07-21 18:00:00,-10,-2391,19970
2017-07-21 19:00:00,-10,-2401,19960
2017-07-21 20:00:00,10,-2391,19970
2017-07-21 21:00:00,-20,-2411,19980
2017-07-24 00:00:00,10,-2401,19960
2017-07-24 01:00:00,-40,-2441,19950
2017-07-24 02:00:00,0,-2441,19910
2017-07-24 03:00:00,-10,-2451,19910
2017-07-24 04:00:00,20,-2431,19920
2017-07-24 05:00:00,-10,-2441,19900
2017-07-24 06:00:00,-50,-2491,19910
2017-07-24 07:00:00,-20,-2511,19960
2017-07-24 08:00:00,-50,-2561,19940
2017-07-24 09:00:00,-10,-2571,19890
2017-07-24 10:00:00,-10,-2581,19880
2017-07-24 11:00:00,-20,-2601,19870
2017-07-24 12:00:00,-10,-2611,19890
2017-07-24 13:00:00,-10,-2621,19900
2017-07-24 14:00:00,0,-2621,19910
2017-07-24 15:00:00,-10,-2631,19910
2017-07-24 16:00:00,-20,-2651,19900
2017-07-24 17:00:00,-20,-2671,19920
2017-07-24 18:00:00,0,-2671,19940
2017-07-24 19:00:00,0,-2671,19940
2017-07-24 20:00:00,10,-2661,19940
2017-07-24 21:00:00,0,-2661,19950
2017-07-25 00:00:00,10,-2651,19960
2017-07-25 01:00:00,0,-2651,19970
2017-07-25 02:00:00,0,-2651,19970
2017-07-25 03:00:00,-40,-2691,19970
2017-07-25 04:00:00,0,-2691,19930
2017-07-25 05:00:00,0,-2691,19940
2017-07-25 06:00:00,0,-2691,19940
2017-07-25 07:00:00,-20,-2711,19940
2017-07-25 08:00:00,30,-2681,19920
2017-07-25 09:00:00,0,-2681,19950
2017-07-25 10:00:00,20,-2661,19960
2017-07-25 11:00:00,0,-2661,19980
2017-07-25 12:00:00,10,-2651,19980
2017-07-25 13:00:00,10,-2641,19990
2017-07-25 14:00:00,-10,-2651,20000
2017-07-25 15:00:00,20,-2631,19990
2017-07-25 16:00:00,-30,-2661,20010
2017-07-25 17:00:00,-40,-2701,20040
2017-07-25 18:00:00,20,-2681,20080
2017-07-25 19:00:00,-10,-2691,20060
2017-07-25 20:00:00,10,-2681,20070
2017-07-25 21:00:00,10,-2671,20060
2017-07-26 00:00:00,-40,-2711,20050
2017-07-26 01:00:00,0,-2711,20090
2017-07-26 02:00:00,30,-2681,20090
2017-07-26 03:00:00,10,-2671,20060
2017-07-26 04:00:00,10,-2661,20050
2017-07-26 05:00:00,0,-2661,20040
2017-07-26 06:00:00,-10,-2671,20040
2017-07-26 07:00:00,10,-2661,20030
2017-07-26 08:00:00,20,-2641,20040
2017-07-26 09:00:00,-10,-2651,20060
2017-07-26 10:00:00,10,-2641,20050
2017-07-26 11:00:00,-10,-2651,20060
2017-07-26 12:00:00,0,-2651,20050
2017-07-26 13:00:00,0,-2651,20060
2017-07-26 14:00:00,-10,-2661,20060
2017-07-26 15:00:00,-10,-2671,20070
2017-07-26 16:00:00,20,-2651,20060
2017-07-26 17:00:00,0,-2651,20080
2017-07-26 18:00:00,10,-2641,20080
2017-07-26 19:00:00,-50,-2691,20070
2017-07-26 20:00:00,-10,-2701,20020
2017-07-26 21:00:00,10,-2691,20010
2017-07-27 00:00:00,-10,-2701,20020
2017-07-27 01:00:00,30,-2671,20010
2017-07-27 02:00:00,30,-2641,20040
2017-07-27 03:00:00,-20,-2661,20070
2017-07-27 04:00:00,10,-2651,20050
2017-07-27 05:00:00,60,-2591,20060
2017-07-27 06:00:00,-60,-2651,20120
2017-07-27 07:00:00,-10,-2661,20060
2017-07-27 08:00:00,30,-2631,20050
2017-07-27 09:00:00,-20,-2651,20080
2017-07-27 10:00:00,20,-2631,20060
2017-07-27 11:00:00,20,-2611,20080
2017-07-27 12:00:00,-10,-2621,20100
2017-07-27 13:00:00,10,-2611,20090
2017-07-27 14:00:00,-30,-2641,20100
2017-07-27 15:00:00,30,-2611,20070
2017-07-27 16:00:00,10,-2601,20100
2017-07-27 17:00:00,-40,-2641,20110
2017-07-27 18:00:00,80,-2561,20070
2017-07-27 19:00:00,0,-2561,19990
2017-07-27 20:00:00,-30,-2591,19990
2017-07-27 21:00:00,-10,-2601,20020
2017-07-28 00:00:00,-20,-2621,20030
2017-07-28 01:00:00,40,-2581,20010
2017-07-28 02:00:00,-10,-2591,19970
2017-07-28 03:00:00,10,-2581,19980
2017-07-28 04:00:00,20,-2561,19970
2017-07-28 05:00:00,20,-2541,19950
2017-07-28 06:00:00,-10,-2551,19930
2017-07-28 07:00:00,-10,-2561,19940
2017-07-28 08:00:00,-10,-2571,19950
2017-07-28 09:00:00,0,-2571,19960
2017-07-28 10:00:00,0,-2571,19960
2017-07-28 11:00:00,10,-2561,19960
2017-07-28 12:00:00,-10,-2571,19950
2017-07-28 13:00:00,-10,-2581,19960
2017-07-28 14:00:00,20,-2561,19970
2017-07-28 15:00:00,0,-2561,19950
2017-07-28 16:00:00,0,-2561,19950
2017-07-28 17:00:00,0,-2561,19950
2017-07-28 18:00:00,0,-2561,19950
2017-07-28 19:00:00,10,-2551,19950
2017-07-28 20:00:00,-10,-2561,19940
2017-07-28 21:00:00,-20,-2581,19950
2017-07-31 00:00:00,-40,-2621,19970
2017-07-31 01:00:00,-10,-2631,19930
2017-07-31 02:00:00,-20,-2651,19940
2017-07-31 03:00:00,10,-2641,19920
2017-07-31 04:00:00,20,-2621,19910
2017-07-31 05:00:00,10,-2611,19930
2017-07-31 06:00:00,-20,-2631,19940
2017-07-31 07:00:00,20,-2611,19920
2017-07-31 08:00:00,10,-2601,19940
2017-07-31 09:00:00,10,-2591,19950
2017-07-31 10:00:00,10,-2581,19940
2017-07-31 11:00:00,0,-2581,19950
2017-07-31 12:00:00,0,-2581,19950
2017-07-31 13:00:00,0,-2581,19950
2017-07-31 14:00:00,0,-2581,19950
2017-07-31 15:00:00,0,-2581,19950
2017-07-31 16:00:00,0,-2581,19930
2017-07-31 17:00:00,0,-2581,19930
2017-07-31 18:00:00,0,-2581,19940
2017-07-31 19:00:00,-20,-2601,19940
2017-07-31 20:00:00,-10,-2611,19920
2017-07-31 21:00:00,0,-2611,19910
2017-08-01 00:00:00,-10,-2621,19910
