timeStamp,pl,accPL,lastPrice
2016-10-21 04:00:00,20,20,6608
2016-10-21 05:00:00,-2,18,6588
2016-10-21 06:00:00,20,38,6590
2016-10-21 07:00:00,-3,35,6570
2016-10-24 01:00:00,-3,32,6573
2016-10-24 02:00:00,31,63,6576
2016-10-24 03:00:00,22,85,6545
2016-10-24 04:00:00,-3,82,6523
2016-10-24 05:00:00,1,83,6526
2016-10-24 06:00:00,4,87,6525
2016-10-24 07:00:00,-3,84,6521
2016-10-25 01:00:00,-29,55,6524
2016-10-25 02:00:00,19,74,6553
2016-10-25 03:00:00,-9,65,6534
2016-10-25 04:00:00,2,67,6543
2016-10-25 05:00:00,20,87,6541
2016-10-25 06:00:00,-11,76,6521
2016-10-25 07:00:00,1,77,6532
2016-10-26 01:00:00,-18,59,6531
2016-10-26 02:00:00,-12,47,6549
2016-10-26 03:00:00,8,55,6561
2016-10-26 04:00:00,-23,32,6553
2016-10-26 05:00:00,13,45,6576
2016-10-26 06:00:00,-23,22,6563
2016-10-26 07:00:00,1,23,6586
2016-10-27 01:00:00,20,43,6585
2016-10-27 02:00:00,-18,25,6565
2016-10-27 03:00:00,3,28,6583
2016-10-27 04:00:00,3,31,6580
2016-10-27 05:00:00,-9,22,6577
2016-10-27 06:00:00,-36,-14,6586
2016-10-27 07:00:00,0,-14,6622
2016-10-28 01:00:00,-25,-39,6622
2016-10-28 02:00:00,-20,-59,6647
2016-10-28 03:00:00,-10,-69,6667
2016-10-28 04:00:00,-9,-78,6677
2016-10-28 05:00:00,-1,-79,6668
2016-10-28 06:00:00,-13,-92,6669
2016-10-28 07:00:00,2,-90,6656
2016-10-31 01:00:00,79,-11,6654
2016-10-31 02:00:00,-1,-12,6575
2016-10-31 03:00:00,-1,-13,6576
2016-10-31 04:00:00,-6,-19,6577
2016-10-31 05:00:00,-6,-25,6583
2016-10-31 06:00:00,20,-5,6589
2016-10-31 07:00:00,-7,-12,6609
2016-11-01 01:00:00,-22,-34,6602
2016-11-01 02:00:00,-47,-81,6580
2016-11-01 03:00:00,-16,-97,6627
2016-11-01 04:00:00,7,-90,6611
2016-11-01 05:00:00,-38,-128,6618
2016-11-01 06:00:00,-35,-163,6580
2016-11-01 07:00:00,6,-157,6545
2016-11-02 01:00:00,112,-45,6539
2016-11-02 02:00:00,28,-17,6427
2016-11-02 03:00:00,26,9,6399
2016-11-02 04:00:00,36,45,6373
2016-11-02 05:00:00,19,64,6337
2016-11-02 06:00:00,-29,35,6318
2016-11-02 07:00:00,-2,33,6347
2016-11-04 01:00:00,103,136,6349
2016-11-04 02:00:00,21,157,6246
2016-11-04 03:00:00,-37,120,6225
2016-11-04 04:00:00,29,149,6262
2016-11-04 05:00:00,4,153,6233
2016-11-04 06:00:00,-4,149,6229
2016-11-04 07:00:00,-3,146,6233
2016-11-07 01:00:00,-70,76,6236
2016-11-07 02:00:00,-16,60,6306
2016-11-07 03:00:00,-16,44,6322
2016-11-07 04:00:00,-16,28,6338
2016-11-07 05:00:00,9,37,6354
2016-11-07 06:00:00,-26,11,6345
2016-11-07 07:00:00,7,18,6371
2016-11-08 01:00:00,-127,-109,6364
2016-11-08 02:00:00,73,-36,6491
2016-11-08 03:00:00,-20,-56,6418
2016-11-08 04:00:00,-29,-85,6438
2016-11-08 05:00:00,2,-83,6467
2016-11-08 06:00:00,22,-61,6465
2016-11-08 07:00:00,-2,-63,6443
2016-11-09 01:00:00,-29,-92,6445
2016-11-09 02:00:00,132,40,6474
2016-11-09 03:00:00,111,151,6342
2016-11-09 04:00:00,141,292,6231
2016-11-09 05:00:00,83,375,6090
2016-11-09 06:00:00,-23,352,6007
2016-11-09 07:00:00,7,359,6030
2016-11-10 01:00:00,-383,-24,6023
2016-11-10 02:00:00,-56,-80,6406
2016-11-10 03:00:00,-40,-120,6462
2016-11-10 04:00:00,-17,-137,6502
2016-11-10 05:00:00,-54,-191,6519
2016-11-10 06:00:00,3,-188,6573
2016-11-10 07:00:00,-4,-192,6570
2016-11-11 01:00:00,117,-75,6574
2016-11-11 02:00:00,-66,-141,6691
2016-11-11 03:00:00,40,-101,6625
2016-11-11 04:00:00,-13,-114,6585
2016-11-11 05:00:00,41,-73,6598
2016-11-11 06:00:00,7,-66,6557
2016-11-11 07:00:00,3,-63,6550
2016-11-14 01:00:00,-62,-125,6547
2016-11-14 02:00:00,43,-82,6609
2016-11-14 03:00:00,-24,-106,6566
2016-11-14 04:00:00,3,-103,6590
2016-11-14 05:00:00,1,-102,6587
2016-11-14 06:00:00,-11,-113,6586
2016-11-14 07:00:00,0,-113,6575
2016-11-15 01:00:00,46,-67,6575
2016-11-15 02:00:00,-15,-82,6529
2016-11-15 03:00:00,-6,-88,6544
2016-11-15 04:00:00,19,-69,6538
2016-11-15 05:00:00,5,-64,6557
2016-11-15 06:00:00,2,-62,6552
2016-11-15 07:00:00,-2,-64,6550
2016-11-16 01:00:00,-160,-224,6552
2016-11-16 02:00:00,-7,-231,6712
2016-11-16 03:00:00,4,-227,6705
2016-11-16 04:00:00,33,-194,6709
2016-11-16 05:00:00,11,-183,6676
2016-11-16 06:00:00,-10,-193,6665
2016-11-16 07:00:00,-5,-198,6675
2016-11-17 01:00:00,-11,-209,6680
2016-11-17 02:00:00,-65,-274,6669
2016-11-17 03:00:00,-4,-278,6734
2016-11-17 04:00:00,1,-277,6738
2016-11-17 05:00:00,-12,-289,6737
2016-11-17 06:00:00,18,-271,6749
2016-11-17 07:00:00,-2,-273,6731
2016-11-18 01:00:00,-76,-349,6733
2016-11-18 02:00:00,10,-339,6809
2016-11-18 03:00:00,9,-330,6819
2016-11-18 04:00:00,10,-320,6810
2016-11-18 05:00:00,5,-315,6800
2016-11-18 06:00:00,15,-300,6795
2016-11-18 07:00:00,5,-295,6780
2016-11-21 01:00:00,-61,-356,6775
2016-11-21 02:00:00,-7,-363,6836
2016-11-21 03:00:00,15,-348,6843
2016-11-21 04:00:00,-8,-356,6828
2016-11-21 05:00:00,-27,-383,6836
2016-11-21 06:00:00,9,-374,6863
2016-11-21 07:00:00,0,-374,6854
2016-11-22 01:00:00,-14,-388,6854
2016-11-22 02:00:00,-1,-389,6868
2016-11-22 03:00:00,-7,-396,6869
2016-11-22 04:00:00,-14,-410,6876
2016-11-22 05:00:00,1,-409,6890
2016-11-22 06:00:00,-7,-416,6889
2016-11-22 07:00:00,-1,-417,6896
2016-11-24 01:00:00,77,-340,6895
2016-11-24 02:00:00,8,-332,6972
2016-11-24 03:00:00,24,-308,6964
2016-11-24 04:00:00,-1,-309,6940
2016-11-24 05:00:00,32,-277,6941
2016-11-24 06:00:00,-11,-288,6909
2016-11-24 07:00:00,0,-288,6920
2016-11-25 01:00:00,46,-242,6920
2016-11-25 02:00:00,13,-229,6874
2016-11-25 03:00:00,6,-223,6861
2016-11-25 04:00:00,129,-94,6855
2016-11-25 05:00:00,-27,-121,6726
2016-11-25 06:00:00,-49,-170,6753
2016-11-25 07:00:00,2,-168,6802
2016-11-28 01:00:00,127,-41,6800
2016-11-28 02:00:00,-1,-42,6673
2016-11-28 03:00:00,10,-32,6674
2016-11-28 04:00:00,-44,-76,6664
2016-11-28 05:00:00,4,-72,6708
2016-11-28 06:00:00,1,-71,6704
2016-11-28 07:00:00,1,-70,6703
2016-11-29 01:00:00,-24,-94,6702
2016-11-29 02:00:00,-50,-144,6726
2016-11-29 03:00:00,-7,-151,6776
2016-11-29 04:00:00,-11,-162,6783
2016-11-29 05:00:00,-4,-166,6794
2016-11-29 06:00:00,98,-68,6798
2016-11-29 07:00:00,25,-43,6700
2016-11-30 01:00:00,-53,-96,6675
2016-11-30 02:00:00,-7,-103,6728
2016-11-30 03:00:00,1,-102,6735
2016-11-30 04:00:00,6,-96,6734
2016-11-30 05:00:00,8,-88,6728
2016-11-30 06:00:00,15,-73,6720
2016-11-30 07:00:00,-7,-80,6705
2016-12-01 01:00:00,-142,-222,6712
2016-12-01 02:00:00,-94,-316,6854
2016-12-01 03:00:00,-2,-318,6948
2016-12-01 04:00:00,18,-300,6950
2016-12-01 05:00:00,32,-268,6932
2016-12-01 06:00:00,34,-234,6900
2016-12-01 07:00:00,-8,-242,6866
2016-12-02 01:00:00,-1,-243,6874
2016-12-02 02:00:00,1,-242,6875
2016-12-02 03:00:00,-7,-249,6874
2016-12-02 04:00:00,11,-238,6881
2016-12-02 05:00:00,5,-233,6870
2016-12-02 06:00:00,-12,-245,6865
2016-12-02 07:00:00,-3,-248,6877
2016-12-05 01:00:00,-12,-260,6880
2016-12-05 02:00:00,46,-214,6892
2016-12-05 03:00:00,10,-204,6846
2016-12-05 04:00:00,53,-151,6836
2016-12-05 05:00:00,-20,-171,6783
2016-12-05 06:00:00,1,-170,6803
2016-12-05 07:00:00,0,-170,6802
2016-12-06 01:00:00,-103,-273,6802
2016-12-06 02:00:00,-16,-289,6905
2016-12-06 03:00:00,4,-285,6921
2016-12-06 04:00:00,5,-280,6917
2016-12-06 05:00:00,1,-279,6912
2016-12-06 06:00:00,-43,-322,6911
2016-12-06 07:00:00,-2,-324,6954
2016-12-07 01:00:00,-240,-564,6956
2016-12-07 02:00:00,-14,-578,7196
2016-12-07 03:00:00,3,-575,7210
2016-12-07 04:00:00,-56,-631,7207
2016-12-07 05:00:00,-23,-654,7263
2016-12-07 06:00:00,-103,-757,7286
2016-12-07 07:00:00,2,-755,7389
2016-12-08 01:00:00,-498,-1253,7387
2016-12-08 02:00:00,136,-1117,7885
2016-12-08 03:00:00,16,-1101,7749
2016-12-08 04:00:00,27,-1074,7733
2016-12-08 05:00:00,-19,-1093,7706
2016-12-08 06:00:00,-68,-1161,7725
2016-12-08 07:00:00,1,-1160,7793
2016-12-09 01:00:00,-28,-1188,7792
2016-12-09 02:00:00,18,-1170,7820
2016-12-09 03:00:00,-11,-1181,7802
2016-12-09 04:00:00,-11,-1192,7813
2016-12-09 05:00:00,-9,-1201,7824
2016-12-09 06:00:00,-5,-1206,7833
2016-12-09 07:00:00,3,-1203,7828
2016-12-12 01:00:00,-44,-1247,7825
2016-12-12 02:00:00,85,-1162,7869
2016-12-12 03:00:00,-17,-1179,7784
2016-12-12 04:00:00,23,-1156,7801
2016-12-12 05:00:00,-15,-1171,7778
2016-12-12 06:00:00,11,-1160,7793
2016-12-12 07:00:00,0,-1160,7782
2016-12-13 01:00:00,-14,-1174,7782
2016-12-13 02:00:00,-14,-1188,7796
2016-12-13 03:00:00,17,-1171,7782
2016-12-13 04:00:00,2,-1169,7765
2016-12-13 05:00:00,-14,-1183,7763
2016-12-13 06:00:00,2,-1181,7777
2016-12-13 07:00:00,3,-1178,7775
2016-12-14 01:00:00,-13,-1191,7772
2016-12-14 02:00:00,4,-1187,7785
2016-12-14 03:00:00,2,-1185,7781
2016-12-14 04:00:00,-141,-1326,7779
2016-12-14 05:00:00,-59,-1385,7920
2016-12-14 06:00:00,17,-1368,7979
2016-12-14 07:00:00,3,-1365,7962
2016-12-15 01:00:00,97,-1268,7959
2016-12-15 02:00:00,6,-1262,7862
2016-12-15 03:00:00,45,-1217,7856
2016-12-15 04:00:00,-19,-1236,7811
2016-12-15 05:00:00,-44,-1280,7830
2016-12-15 06:00:00,25,-1255,7874
2016-12-15 07:00:00,1,-1254,7849
2016-12-16 01:00:00,-9,-1263,7848
2016-12-16 02:00:00,-8,-1271,7857
2016-12-16 03:00:00,18,-1253,7865
2016-12-16 04:00:00,0,-1253,7847
2016-12-16 05:00:00,5,-1248,7847
2016-12-16 06:00:00,2,-1246,7842
2016-12-16 07:00:00,9,-1237,7840
2016-12-19 01:00:00,9,-1228,7831
2016-12-19 02:00:00,24,-1204,7822
2016-12-19 03:00:00,-3,-1207,7798
2016-12-19 04:00:00,2,-1205,7801
2016-12-19 05:00:00,-15,-1220,7799
2016-12-19 06:00:00,-6,-1226,7814
2016-12-19 07:00:00,-2,-1228,7820
2016-12-20 01:00:00,-52,-1280,7822
2016-12-20 02:00:00,5,-1275,7874
2016-12-20 03:00:00,-1,-1276,7869
2016-12-20 04:00:00,10,-1266,7870
2016-12-20 05:00:00,-156,-1422,7860
2016-12-20 06:00:00,42,-1380,8016
2016-12-20 07:00:00,2,-1378,7974
2016-12-21 01:00:00,40,-1338,7972
2016-12-21 02:00:00,0,-1338,7932
2016-12-21 03:00:00,43,-1295,7932
2016-12-21 04:00:00,-9,-1304,7889
2016-12-21 05:00:00,15,-1289,7898
2016-12-21 06:00:00,-31,-1320,7883
2016-12-21 07:00:00,0,-1320,7914
2016-12-22 01:00:00,56,-1264,7914
2016-12-22 02:00:00,-29,-1293,7858
2016-12-22 03:00:00,-6,-1299,7887
2016-12-22 04:00:00,27,-1272,7893
2016-12-22 05:00:00,-22,-1294,7866
2016-12-22 06:00:00,-20,-1314,7888
2016-12-22 07:00:00,-6,-1320,7908
2016-12-26 01:00:00,64,-1256,7914
2016-12-26 02:00:00,17,-1239,7850
2016-12-26 03:00:00,-12,-1251,7833
2016-12-26 04:00:00,14,-1237,7845
2016-12-26 05:00:00,16,-1221,7831
2016-12-26 06:00:00,-2,-1223,7847
2016-12-26 07:00:00,-2,-1225,7849
2016-12-27 01:00:00,-37,-1262,7847
2016-12-27 02:00:00,-25,-1287,7884
2016-12-27 03:00:00,-1,-1288,7909
2016-12-27 04:00:00,-16,-1304,7910
2016-12-27 05:00:00,16,-1288,7894
2016-12-27 06:00:00,13,-1275,7878
2016-12-27 07:00:00,-3,-1278,7865
2016-12-28 01:00:00,18,-1260,7868
2016-12-28 02:00:00,-23,-1283,7886
2016-12-28 03:00:00,3,-1280,7863
2016-12-28 04:00:00,0,-1280,7860
2016-12-28 05:00:00,-2,-1282,7860
2016-12-28 06:00:00,-2,-1284,7862
2016-12-28 07:00:00,-6,-1290,7864
2016-12-29 01:00:00,91,-1199,7858
2016-12-29 02:00:00,2,-1197,7767
2016-12-29 03:00:00,-16,-1213,7765
2016-12-29 04:00:00,36,-1177,7781
2016-12-29 05:00:00,19,-1158,7745
2016-12-29 06:00:00,-5,-1163,7726
2016-12-29 07:00:00,1,-1162,7731
2016-12-30 01:00:00,31,-1131,7730
2016-12-30 02:00:00,-40,-1171,7699
2016-12-30 03:00:00,-11,-1182,7739
2016-12-30 04:00:00,-38,-1220,7750
2016-12-30 05:00:00,0,-1220,7788
2016-12-30 06:00:00,29,-1191,7788
2016-12-30 07:00:00,-6,-1197,7759
2017-01-04 01:00:00,-143,-1340,7765
2017-01-04 02:00:00,-21,-1361,7908
2017-01-04 03:00:00,-4,-1365,7929
2017-01-04 04:00:00,-20,-1385,7933
2017-01-04 05:00:00,-44,-1429,7953
2017-01-04 06:00:00,-3,-1432,7997
2017-01-04 07:00:00,5,-1427,8000
2017-01-05 01:00:00,-72,-1499,7995
2017-01-05 02:00:00,-78,-1577,8067
2017-01-05 03:00:00,-6,-1583,8145
2017-01-05 04:00:00,6,-1577,8151
2017-01-05 05:00:00,-12,-1589,8145
2017-01-05 06:00:00,10,-1579,8157
2017-01-05 07:00:00,-6,-1585,8147
2017-01-06 01:00:00,-102,-1687,8153
2017-01-06 02:00:00,-65,-1752,8255
2017-01-06 03:00:00,30,-1722,8320
2017-01-06 04:00:00,-34,-1756,8290
2017-01-06 05:00:00,-27,-1783,8324
2017-01-06 06:00:00,-17,-1800,8351
2017-01-06 07:00:00,5,-1795,8368
2017-01-10 01:00:00,-185,-1980,8363
2017-01-10 02:00:00,63,-1917,8548
2017-01-10 03:00:00,-22,-1939,8485
2017-01-10 04:00:00,117,-1822,8507
2017-01-10 05:00:00,-60,-1882,8390
2017-01-10 06:00:00,25,-1857,8450
2017-01-10 07:00:00,2,-1855,8425
2017-01-11 01:00:00,-41,-1896,8423
2017-01-11 02:00:00,26,-1870,8464
2017-01-11 03:00:00,-31,-1901,8438
2017-01-11 04:00:00,-3,-1904,8469
2017-01-11 05:00:00,-36,-1940,8472
2017-01-11 06:00:00,16,-1924,8508
2017-01-11 07:00:00,-3,-1927,8492
2017-01-12 01:00:00,53,-1874,8495
2017-01-12 02:00:00,-63,-1937,8442
2017-01-12 03:00:00,6,-1931,8505
2017-01-12 04:00:00,74,-1857,8499
2017-01-12 05:00:00,-24,-1881,8425
2017-01-12 06:00:00,16,-1865,8449
2017-01-12 07:00:00,3,-1862,8433
2017-01-13 01:00:00,36,-1826,8430
2017-01-13 02:00:00,-33,-1859,8394
2017-01-13 03:00:00,-6,-1865,8427
2017-01-13 04:00:00,-49,-1914,8433
2017-01-13 05:00:00,39,-1875,8482
2017-01-13 06:00:00,-35,-1910,8443
2017-01-13 07:00:00,1,-1909,8478
2017-01-16 01:00:00,23,-1886,8477
2017-01-16 02:00:00,15,-1871,8454
2017-01-16 03:00:00,57,-1814,8439
2017-01-16 04:00:00,15,-1799,8382
2017-01-16 05:00:00,-11,-1810,8367
2017-01-16 06:00:00,26,-1784,8378
2017-01-16 07:00:00,2,-1782,8352
2017-01-17 01:00:00,139,-1643,8350
2017-01-17 02:00:00,-61,-1704,8211
2017-01-17 03:00:00,34,-1670,8272
2017-01-17 04:00:00,7,-1663,8238
2017-01-17 05:00:00,23,-1640,8231
2017-01-17 06:00:00,33,-1607,8208
2017-01-17 07:00:00,-4,-1611,8175
2017-01-18 01:00:00,123,-1488,8179
2017-01-18 02:00:00,-63,-1551,8056
2017-01-18 03:00:00,-57,-1608,8119
2017-01-18 04:00:00,-38,-1646,8176
2017-01-18 05:00:00,-1,-1647,8214
2017-01-18 06:00:00,-27,-1674,8215
2017-01-18 07:00:00,0,-1674,8242
2017-01-19 01:00:00,-144,-1818,8242
2017-01-19 02:00:00,-12,-1830,8386
2017-01-19 03:00:00,34,-1796,8398
2017-01-19 04:00:00,17,-1779,8364
2017-01-19 05:00:00,8,-1771,8347
2017-01-19 06:00:00,5,-1766,8339
2017-01-19 07:00:00,5,-1761,8334
2017-01-20 01:00:00,-24,-1785,8329
2017-01-20 02:00:00,-8,-1793,8353
2017-01-20 03:00:00,-19,-1812,8361
2017-01-20 04:00:00,-28,-1840,8380
2017-01-20 05:00:00,-57,-1897,8408
2017-01-20 06:00:00,9,-1888,8465
2017-01-20 07:00:00,6,-1882,8456
2017-01-23 01:00:00,75,-1807,8450
2017-01-23 02:00:00,-12,-1819,8375
2017-01-23 03:00:00,-18,-1837,8387
2017-01-23 04:00:00,4,-1833,8405
2017-01-23 05:00:00,-23,-1856,8401
2017-01-23 06:00:00,46,-1810,8424
2017-01-23 07:00:00,-2,-1812,8378
2017-01-24 01:00:00,-24,-1836,8380
2017-01-24 02:00:00,-79,-1915,8404
2017-01-24 03:00:00,-41,-1956,8483
2017-01-24 04:00:00,16,-1940,8524
2017-01-24 05:00:00,17,-1923,8508
2017-01-24 06:00:00,63,-1860,8491
2017-01-24 07:00:00,0,-1860,8428
2017-01-25 01:00:00,-218,-2078,8428
2017-01-25 02:00:00,-48,-2126,8646
2017-01-25 03:00:00,7,-2119,8694
2017-01-25 04:00:00,7,-2112,8687
2017-01-25 05:00:00,-11,-2123,8680
2017-01-25 06:00:00,10,-2113,8691
2017-01-25 07:00:00,6,-2107,8681
2017-01-26 01:00:00,-126,-2233,8687
2017-01-26 02:00:00,-27,-2260,8813
2017-01-26 03:00:00,-8,-2268,8840
2017-01-26 04:00:00,-30,-2298,8848
2017-01-26 05:00:00,46,-2252,8878
2017-01-26 06:00:00,-30,-2282,8924
2017-01-26 07:00:00,-2,-2284,8954
2017-01-27 01:00:00,-69,-2353,8956
2017-01-27 02:00:00,84,-2269,9025
2017-01-27 03:00:00,-9,-2278,8941
2017-01-27 04:00:00,-16,-2294,8950
2017-01-27 05:00:00,26,-2268,8966
2017-01-27 06:00:00,-25,-2293,8940
2017-01-27 07:00:00,-12,-2305,8965
2017-01-30 01:00:00,-93,-2398,8977
2017-01-30 02:00:00,23,-2375,8884
2017-01-30 03:00:00,8,-2367,8861
2017-01-30 04:00:00,-16,-2383,8869
2017-01-30 05:00:00,7,-2376,8853
2017-01-30 06:00:00,-6,-2382,8846
2017-01-30 07:00:00,1,-2381,8852
2017-01-31 01:00:00,72,-2309,8853
2017-01-31 02:00:00,6,-2303,8781
2017-01-31 03:00:00,39,-2264,8775
2017-01-31 04:00:00,-13,-2277,8736
2017-01-31 05:00:00,-16,-2293,8723
2017-01-31 06:00:00,34,-2259,8739
2017-01-31 07:00:00,4,-2255,8705
2017-02-01 01:00:00,-84,-2339,8701
2017-02-01 02:00:00,40,-2299,8785
2017-02-01 03:00:00,-16,-2315,8745
2017-02-01 04:00:00,-35,-2350,8761
2017-02-01 05:00:00,1,-2349,8796
2017-02-01 06:00:00,-13,-2362,8795
2017-02-01 07:00:00,-3,-2365,8808
2017-02-02 01:00:00,47,-2318,8805
2017-02-02 02:00:00,20,-2298,8758
2017-02-02 03:00:00,4,-2294,8738
2017-02-02 04:00:00,15,-2279,8734
2017-02-02 05:00:00,-6,-2285,8719
2017-02-02 06:00:00,40,-2245,8725
2017-02-02 07:00:00,-1,-2246,8685
2017-02-03 01:00:00,15,-2231,8686
2017-02-03 02:00:00,56,-2175,8671
2017-02-03 03:00:00,105,-2070,8615
2017-02-03 04:00:00,-14,-2084,8510
2017-02-03 05:00:00,5,-2079,8524
2017-02-03 06:00:00,-9,-2088,8519
2017-02-03 07:00:00,-3,-2091,8528
2017-02-06 01:00:00,-115,-2206,8531
2017-02-06 02:00:00,19,-2187,8646
2017-02-06 03:00:00,-6,-2193,8627
2017-02-06 04:00:00,16,-2177,8633
2017-02-06 05:00:00,-21,-2198,8617
2017-02-06 06:00:00,-12,-2210,8638
2017-02-06 07:00:00,-3,-2213,8650
2017-02-07 01:00:00,36,-2177,8653
2017-02-07 02:00:00,-97,-2274,8617
2017-02-07 03:00:00,-7,-2281,8714
2017-02-07 04:00:00,18,-2263,8721
2017-02-07 05:00:00,16,-2247,8703
2017-02-07 06:00:00,24,-2223,8687
2017-02-07 07:00:00,-1,-2224,8663
2017-02-08 01:00:00,53,-2171,8664
2017-02-08 02:00:00,18,-2153,8611
2017-02-08 03:00:00,5,-2148,8593
2017-02-08 04:00:00,-26,-2174,8588
2017-02-08 05:00:00,-14,-2188,8614
2017-02-08 06:00:00,-61,-2249,8628
2017-02-08 07:00:00,5,-2244,8689
2017-02-09 01:00:00,-243,-2487,8684
2017-02-09 02:00:00,-6,-2493,8927
2017-02-09 03:00:00,21,-2472,8933
2017-02-09 04:00:00,88,-2384,8912
2017-02-09 05:00:00,38,-2346,8824
2017-02-09 06:00:00,44,-2302,8786
2017-02-09 07:00:00,8,-2294,8742
2017-02-10 01:00:00,-82,-2376,8734
2017-02-10 02:00:00,6,-2370,8816
2017-02-10 03:00:00,1,-2369,8810
2017-02-10 04:00:00,26,-2343,8809
2017-02-10 05:00:00,24,-2319,8783
2017-02-10 06:00:00,-33,-2352,8759
2017-02-10 07:00:00,0,-2352,8792
2017-02-13 01:00:00,72,-2280,8792
2017-02-13 02:00:00,-13,-2293,8720
2017-02-13 03:00:00,7,-2286,8733
2017-02-13 04:00:00,47,-2239,8726
2017-02-13 05:00:00,15,-2224,8679
2017-02-13 06:00:00,4,-2220,8664
2017-02-13 07:00:00,1,-2219,8660
2017-02-14 01:00:00,-21,-2240,8659
2017-02-14 02:00:00,44,-2196,8680
2017-02-14 03:00:00,3,-2193,8636
2017-02-14 04:00:00,67,-2126,8633
2017-02-14 05:00:00,2,-2124,8566
2017-02-14 06:00:00,20,-2104,8564
2017-02-14 07:00:00,9,-2095,8544
2017-02-15 01:00:00,-69,-2164,8535
2017-02-15 02:00:00,1,-2163,8604
2017-02-15 03:00:00,-31,-2194,8603
2017-02-15 04:00:00,-75,-2269,8634
2017-02-15 05:00:00,13,-2256,8709
2017-02-15 06:00:00,29,-2227,8696
2017-02-15 07:00:00,-3,-2230,8667
2017-02-16 01:00:00,-41,-2271,8670
2017-02-16 02:00:00,31,-2240,8711
2017-02-16 03:00:00,7,-2233,8680
2017-02-16 04:00:00,27,-2206,8673
2017-02-16 05:00:00,3,-2203,8646
2017-02-16 06:00:00,-17,-2220,8643
2017-02-16 07:00:00,3,-2217,8660
2017-02-17 01:00:00,97,-2120,8657
2017-02-17 02:00:00,14,-2106,8560
2017-02-17 03:00:00,0,-2106,8546
2017-02-17 04:00:00,26,-2080,8546
2017-02-17 05:00:00,1,-2079,8520
2017-02-17 06:00:00,-1,-2080,8519
2017-02-17 07:00:00,2,-2078,8520
2017-02-20 01:00:00,-229,-2307,8518
2017-02-20 02:00:00,-24,-2331,8747
2017-02-20 03:00:00,2,-2329,8771
2017-02-20 04:00:00,-35,-2364,8769
2017-02-20 05:00:00,38,-2326,8804
2017-02-20 06:00:00,-22,-2348,8766
2017-02-20 07:00:00,-1,-2349,8788
2017-02-21 01:00:00,68,-2281,8789
2017-02-21 02:00:00,-6,-2287,8721
2017-02-21 03:00:00,-29,-2316,8727
2017-02-21 04:00:00,13,-2303,8756
2017-02-21 05:00:00,5,-2298,8743
2017-02-21 06:00:00,24,-2274,8738
2017-02-21 07:00:00,-2,-2276,8714
2017-02-22 01:00:00,-24,-2300,8716
2017-02-22 02:00:00,30,-2270,8740
2017-02-22 03:00:00,-7,-2277,8710
2017-02-22 04:00:00,-1,-2278,8717
2017-02-22 05:00:00,2,-2276,8718
2017-02-22 06:00:00,-12,-2288,8716
2017-02-22 07:00:00,0,-2288,8728
2017-02-23 01:00:00,58,-2230,8728
2017-02-23 02:00:00,34,-2196,8670
2017-02-23 03:00:00,-1,-2197,8636
2017-02-23 04:00:00,20,-2177,8637
2017-02-23 05:00:00,10,-2167,8617
2017-02-23 06:00:00,-33,-2200,8607
2017-02-23 07:00:00,-2,-2202,8640
2017-02-24 01:00:00,-6,-2208,8642
2017-02-24 02:00:00,4,-2204,8648
2017-02-24 03:00:00,18,-2186,8644
2017-02-24 04:00:00,18,-2168,8626
2017-02-24 05:00:00,9,-2159,8608
2017-02-24 06:00:00,-3,-2162,8599
2017-02-24 07:00:00,2,-2160,8602
2017-02-27 01:00:00,159,-2001,8600
2017-02-27 02:00:00,35,-1966,8441
2017-02-27 03:00:00,8,-1958,8406
2017-02-27 04:00:00,-13,-1971,8398
2017-02-27 05:00:00,-5,-1976,8411
2017-02-27 06:00:00,21,-1955,8416
2017-02-27 07:00:00,2,-1953,8395
2017-02-28 01:00:00,-17,-1970,8393
2017-02-28 02:00:00,1,-1969,8410
2017-02-28 03:00:00,2,-1967,8409
2017-02-28 04:00:00,-44,-2011,8407
2017-02-28 05:00:00,17,-1994,8451
2017-02-28 06:00:00,36,-1958,8434
2017-02-28 07:00:00,36,-1922,8398
2017-03-01 01:00:00,-119,-2041,8362
2017-03-01 02:00:00,41,-2000,8481
2017-03-01 03:00:00,0,-2000,8440
2017-03-01 04:00:00,-160,-2160,8440
2017-03-01 05:00:00,-23,-2183,8600
2017-03-01 06:00:00,40,-2143,8623
2017-03-01 07:00:00,0,-2143,8583
2017-03-02 01:00:00,-50,-2193,8583
2017-03-02 02:00:00,-14,-2207,8633
2017-03-02 03:00:00,-23,-2230,8647
2017-03-02 04:00:00,63,-2167,8670
2017-03-02 05:00:00,-6,-2173,8607
2017-03-02 06:00:00,33,-2140,8613
2017-03-02 07:00:00,1,-2139,8580
2017-03-03 01:00:00,61,-2078,8579
2017-03-03 02:00:00,-4,-2082,8518
2017-03-03 03:00:00,7,-2075,8522
2017-03-03 04:00:00,65,-2010,8515
2017-03-03 05:00:00,33,-1977,8450
2017-03-03 06:00:00,-19,-1996,8417
2017-03-03 07:00:00,-4,-2000,8436
2017-03-06 01:00:00,2,-1998,8440
2017-03-06 02:00:00,15,-1983,8438
2017-03-06 03:00:00,15,-1968,8423
2017-03-06 04:00:00,-2,-1970,8408
2017-03-06 05:00:00,1,-1969,8410
2017-03-06 06:00:00,-28,-1997,8409
2017-03-06 07:00:00,-2,-1999,8437
2017-03-07 01:00:00,5,-1994,8439
2017-03-07 02:00:00,-13,-2007,8434
2017-03-07 03:00:00,0,-2007,8447
2017-03-07 04:00:00,-42,-2049,8447
2017-03-07 05:00:00,15,-2034,8489
2017-03-07 06:00:00,-4,-2038,8474
2017-03-07 07:00:00,0,-2038,8478
2017-03-08 01:00:00,29,-2009,8478
2017-03-08 02:00:00,40,-1969,8449
2017-03-08 03:00:00,-1,-1970,8409
2017-03-08 04:00:00,22,-1948,8410
2017-03-08 05:00:00,25,-1923,8388
2017-03-08 06:00:00,-59,-1982,8363
2017-03-08 07:00:00,-4,-1986,8422
2017-03-09 01:00:00,95,-1891,8426
2017-03-09 02:00:00,12,-1879,8331
2017-03-09 03:00:00,-27,-1906,8319
2017-03-09 04:00:00,23,-1883,8346
2017-03-09 05:00:00,-20,-1903,8323
2017-03-09 06:00:00,8,-1895,8343
2017-03-09 07:00:00,7,-1888,8335
2017-03-10 01:00:00,-15,-1903,8328
2017-03-10 02:00:00,-12,-1915,8343
2017-03-10 03:00:00,16,-1899,8355
2017-03-10 04:00:00,-5,-1904,8339
2017-03-10 05:00:00,-2,-1906,8344
2017-03-10 06:00:00,-26,-1932,8346
2017-03-10 07:00:00,7,-1925,8372
2017-03-13 01:00:00,8,-1917,8365
2017-03-13 02:00:00,-62,-1979,8357
2017-03-13 03:00:00,-17,-1996,8419
2017-03-13 04:00:00,-16,-2012,8436
2017-03-13 05:00:00,47,-1965,8452
2017-03-13 06:00:00,-12,-1977,8405
2017-03-13 07:00:00,4,-1973,8417
2017-03-14 01:00:00,34,-1939,8413
2017-03-14 02:00:00,-43,-1982,8379
2017-03-14 03:00:00,1,-1981,8422
2017-03-14 04:00:00,4,-1977,8421
2017-03-14 05:00:00,-23,-2000,8417
2017-03-14 06:00:00,5,-1995,8440
2017-03-14 07:00:00,1,-1994,8435
2017-03-15 01:00:00,65,-1929,8434
2017-03-15 02:00:00,4,-1925,8369
2017-03-15 03:00:00,0,-1925,8365
2017-03-15 04:00:00,-13,-1938,8365
2017-03-15 05:00:00,1,-1937,8378
2017-03-15 06:00:00,-3,-1940,8377
2017-03-15 07:00:00,0,-1940,8380
2017-03-16 01:00:00,-15,-1955,8380
2017-03-16 02:00:00,-47,-2002,8395
2017-03-16 03:00:00,-26,-2028,8442
2017-03-16 04:00:00,-71,-2099,8468
2017-03-16 05:00:00,16,-2083,8539
2017-03-16 06:00:00,-7,-2090,8523
2017-03-16 07:00:00,7,-2083,8530
2017-03-17 01:00:00,61,-2022,8523
2017-03-17 02:00:00,47,-1975,8462
2017-03-17 03:00:00,-20,-1995,8415
2017-03-17 04:00:00,-31,-2026,8435
2017-03-17 05:00:00,15,-2011,8466
2017-03-17 06:00:00,12,-1999,8451
2017-03-17 07:00:00,7,-1992,8439
2017-03-21 01:00:00,199,-1793,8432
2017-03-21 02:00:00,-25,-1818,8233
2017-03-21 03:00:00,8,-1810,8258
2017-03-21 04:00:00,5,-1805,8250
2017-03-21 05:00:00,-15,-1820,8245
2017-03-21 06:00:00,-14,-1834,8260
2017-03-21 07:00:00,0,-1834,8274
2017-03-22 01:00:00,235,-1599,8274
2017-03-22 02:00:00,-9,-1608,8039
2017-03-22 03:00:00,-13,-1621,8048
2017-03-22 04:00:00,15,-1606,8061
2017-03-22 05:00:00,-9,-1615,8046
2017-03-22 06:00:00,-1,-1616,8055
2017-03-22 07:00:00,3,-1613,8056
2017-03-23 01:00:00,-6,-1619,8053
2017-03-23 02:00:00,18,-1601,8059
2017-03-23 03:00:00,-7,-1608,8041
2017-03-23 04:00:00,-30,-1638,8048
2017-03-23 05:00:00,21,-1617,8078
2017-03-23 06:00:00,13,-1604,8057
2017-03-23 07:00:00,-5,-1609,8044
2017-03-24 01:00:00,-11,-1620,8049
2017-03-24 02:00:00,14,-1606,8060
2017-03-24 03:00:00,-4,-1610,8046
2017-03-24 04:00:00,23,-1587,8050
2017-03-24 05:00:00,12,-1575,8027
2017-03-24 06:00:00,-1,-1576,8015
2017-03-24 07:00:00,5,-1571,8016
2017-03-27 01:00:00,135,-1436,8011
2017-03-27 02:00:00,-2,-1438,7876
2017-03-27 03:00:00,9,-1429,7878
2017-03-27 04:00:00,8,-1421,7869
2017-03-27 05:00:00,-4,-1425,7861
2017-03-27 06:00:00,7,-1418,7865
2017-03-27 07:00:00,-4,-1422,7858
2017-03-28 01:00:00,-63,-1485,7862
2017-03-28 02:00:00,1,-1484,7925
2017-03-28 03:00:00,-26,-1510,7924
2017-03-28 04:00:00,4,-1506,7950
2017-03-28 05:00:00,6,-1500,7946
2017-03-28 06:00:00,14,-1486,7940
2017-03-28 07:00:00,-6,-1492,7926
2017-03-29 01:00:00,-127,-1619,7932
2017-03-29 02:00:00,13,-1606,8059
2017-03-29 03:00:00,17,-1589,8046
2017-03-29 04:00:00,8,-1581,8029
2017-03-29 05:00:00,-8,-1589,8021
2017-03-29 06:00:00,4,-1585,8029
2017-03-29 07:00:00,-9,-1594,8025
2017-03-30 01:00:00,39,-1555,8034
2017-03-30 02:00:00,22,-1533,7995
2017-03-30 03:00:00,8,-1525,7973
2017-03-30 04:00:00,26,-1499,7965
2017-03-30 05:00:00,-26,-1525,7939
2017-03-30 06:00:00,33,-1492,7965
2017-03-30 07:00:00,0,-1492,7932
2017-03-31 01:00:00,-70,-1562,7932
2017-03-31 02:00:00,29,-1533,8002
2017-03-31 03:00:00,-9,-1542,7973
2017-03-31 04:00:00,5,-1537,7982
2017-03-31 05:00:00,42,-1495,7977
2017-03-31 06:00:00,67,-1428,7935
2017-03-31 07:00:00,6,-1422,7868
2017-04-03 01:00:00,-28,-1450,7862
2017-04-03 02:00:00,36,-1414,7890
2017-04-03 03:00:00,5,-1409,7854
2017-04-03 04:00:00,45,-1364,7849
2017-04-03 05:00:00,-33,-1397,7804
2017-04-03 06:00:00,-46,-1443,7837
2017-04-03 07:00:00,0,-1443,7883
2017-04-04 01:00:00,93,-1350,7883
2017-04-04 02:00:00,-1,-1351,7790
2017-04-04 03:00:00,-21,-1372,7791
2017-04-04 04:00:00,28,-1344,7812
2017-04-04 05:00:00,30,-1314,7784
2017-04-04 06:00:00,-4,-1318,7754
2017-04-04 07:00:00,7,-1311,7758
2017-04-05 01:00:00,-5,-1316,7751
2017-04-05 02:00:00,-40,-1356,7756
2017-04-05 03:00:00,-3,-1359,7796
2017-04-05 04:00:00,-13,-1372,7799
2017-04-05 05:00:00,-80,-1452,7812
2017-04-05 06:00:00,-68,-1520,7892
2017-04-05 07:00:00,0,-1520,7960
2017-04-06 01:00:00,101,-1419,7960
2017-04-06 02:00:00,5,-1414,7859
2017-04-06 03:00:00,19,-1395,7854
2017-04-06 04:00:00,-18,-1413,7835
2017-04-06 05:00:00,-14,-1427,7853
2017-04-06 06:00:00,-35,-1462,7867
2017-04-06 07:00:00,-1,-1463,7902
2017-04-07 01:00:00,-146,-1609,7903
2017-04-07 02:00:00,115,-1494,8049
2017-04-07 03:00:00,-14,-1508,7934
2017-04-07 04:00:00,-56,-1564,7948
2017-04-07 05:00:00,13,-1551,8004
2017-04-07 06:00:00,-3,-1554,7991
2017-04-07 07:00:00,-2,-1556,7994
2017-04-10 01:00:00,-22,-1578,7996
2017-04-10 02:00:00,-8,-1586,8018
2017-04-10 03:00:00,51,-1535,8026
2017-04-10 04:00:00,-34,-1569,7975
2017-04-10 05:00:00,10,-1559,8009
2017-04-10 06:00:00,-8,-1567,7999
2017-04-10 07:00:00,-1,-1568,8007
2017-04-11 01:00:00,6,-1562,8008
2017-04-11 02:00:00,-12,-1574,8002
2017-04-11 03:00:00,14,-1560,8014
2017-04-11 04:00:00,-4,-1564,8000
2017-04-11 05:00:00,1,-1563,8004
2017-04-11 06:00:00,-2,-1565,8003
2017-04-11 07:00:00,0,-1565,8005
2017-04-12 01:00:00,155,-1410,8005
2017-04-12 02:00:00,-23,-1433,7850
2017-04-12 03:00:00,9,-1424,7873
2017-04-12 04:00:00,15,-1409,7864
2017-04-12 05:00:00,5,-1404,7849
2017-04-12 06:00:00,7,-1397,7844
2017-04-12 07:00:00,2,-1395,7837
2017-04-13 01:00:00,156,-1239,7835
2017-04-13 02:00:00,76,-1163,7679
2017-04-13 03:00:00,37,-1126,7603
2017-04-13 04:00:00,-75,-1201,7566
2017-04-13 05:00:00,-40,-1241,7641
2017-04-13 06:00:00,-77,-1318,7681
2017-04-13 07:00:00,-13,-1331,7758
2017-04-14 01:00:00,2,-1329,7771
2017-04-14 02:00:00,3,-1326,7769
2017-04-14 03:00:00,20,-1306,7766
2017-04-14 04:00:00,18,-1288,7746
2017-04-14 05:00:00,35,-1253,7728
2017-04-14 06:00:00,-10,-1263,7693
2017-04-14 07:00:00,1,-1262,7703
2017-04-17 01:00:00,162,-1100,7702
2017-04-17 02:00:00,23,-1077,7540
2017-04-17 03:00:00,-10,-1087,7517
2017-04-17 04:00:00,-43,-1130,7527
2017-04-17 05:00:00,-3,-1133,7570
2017-04-17 06:00:00,-25,-1158,7573
2017-04-17 07:00:00,2,-1156,7598
2017-04-18 01:00:00,-124,-1280,7596
2017-04-18 02:00:00,-12,-1292,7720
2017-04-18 03:00:00,11,-1281,7732
2017-04-18 04:00:00,32,-1249,7721
2017-04-18 05:00:00,-26,-1275,7689
2017-04-18 06:00:00,-4,-1279,7715
2017-04-18 07:00:00,1,-1278,7719
2017-04-19 01:00:00,7,-1271,7718
2017-04-19 02:00:00,-1,-1272,7711
2017-04-19 03:00:00,-34,-1306,7712
2017-04-19 04:00:00,4,-1302,7746
2017-04-19 05:00:00,-86,-1388,7742
2017-04-19 06:00:00,-40,-1428,7828
2017-04-19 07:00:00,1,-1427,7868
2017-04-20 01:00:00,-82,-1509,7867
2017-04-20 02:00:00,-48,-1557,7949
2017-04-20 03:00:00,2,-1555,7997
2017-04-20 04:00:00,-36,-1591,7995
2017-04-20 05:00:00,19,-1572,8031
2017-04-20 06:00:00,23,-1549,8012
2017-04-20 07:00:00,-1,-1550,7989
2017-04-21 01:00:00,-76,-1626,7990
2017-04-21 02:00:00,-9,-1635,8066
2017-04-21 03:00:00,-5,-1640,8075
2017-04-21 04:00:00,-3,-1643,8080
2017-04-21 05:00:00,0,-1643,8083
2017-04-21 06:00:00,-6,-1649,8083
2017-04-21 07:00:00,-1,-1650,8089
2017-04-24 01:00:00,-161,-1811,8090
2017-04-24 02:00:00,5,-1806,8251
2017-04-24 03:00:00,5,-1801,8246
2017-04-24 04:00:00,30,-1771,8241
2017-04-24 05:00:00,28,-1743,8211
2017-04-24 06:00:00,12,-1731,8183
2017-04-24 07:00:00,-3,-1734,8171
2017-04-25 01:00:00,-69,-1803,8174
2017-04-25 02:00:00,5,-1798,8243
2017-04-25 03:00:00,-57,-1855,8238
2017-04-25 04:00:00,-3,-1858,8295
2017-04-25 05:00:00,-9,-1867,8298
2017-04-25 06:00:00,-35,-1902,8307
2017-04-25 07:00:00,0,-1902,8342
2017-04-26 01:00:00,-26,-1928,8342
2017-04-26 02:00:00,31,-1897,8368
2017-04-26 03:00:00,20,-1877,8337
2017-04-26 04:00:00,-4,-1881,8317
2017-04-26 05:00:00,-13,-1894,8321
2017-04-26 06:00:00,-30,-1924,8334
2017-04-26 07:00:00,-2,-1926,8364
2017-04-27 01:00:00,59,-1867,8366
2017-04-27 02:00:00,50,-1817,8307
2017-04-27 03:00:00,-16,-1833,8257
2017-04-27 04:00:00,-24,-1857,8273
2017-04-27 05:00:00,-41,-1898,8297
2017-04-27 06:00:00,-46,-1944,8338
2017-04-27 07:00:00,-9,-1953,8384
2017-04-28 01:00:00,-37,-1990,8393
2017-04-28 02:00:00,-12,-2002,8430
2017-04-28 03:00:00,-11,-2013,8442
2017-04-28 04:00:00,23,-1990,8453
2017-04-28 05:00:00,10,-1980,8430
2017-04-28 06:00:00,-12,-1992,8420
2017-04-28 07:00:00,-10,-2002,8432
2017-05-01 01:00:00,3,-1999,8442
2017-05-01 02:00:00,3,-1996,8439
2017-05-01 03:00:00,-2,-1998,8436
2017-05-01 04:00:00,-6,-2004,8438
2017-05-01 05:00:00,10,-1994,8444
2017-05-01 06:00:00,-22,-2016,8434
2017-05-01 07:00:00,-1,-2017,8456
2017-05-02 01:00:00,-8,-2025,8457
2017-05-02 02:00:00,15,-2010,8465
2017-05-02 03:00:00,-11,-2021,8450
2017-05-02 04:00:00,-16,-2037,8461
2017-05-02 05:00:00,-2,-2039,8477
2017-05-02 06:00:00,1,-2038,8479
2017-05-02 07:00:00,0,-2038,8478
2017-05-08 01:00:00,-88,-2126,8478
2017-05-08 02:00:00,-20,-2146,8566
2017-05-08 03:00:00,-21,-2167,8586
2017-05-08 04:00:00,-13,-2180,8607
2017-05-08 05:00:00,3,-2177,8620
2017-05-08 06:00:00,-12,-2189,8617
2017-05-08 07:00:00,9,-2180,8629
2017-05-09 01:00:00,41,-2139,8620
2017-05-09 02:00:00,34,-2105,8579
2017-05-09 03:00:00,-14,-2119,8545
2017-05-09 04:00:00,-26,-2145,8559
2017-05-09 05:00:00,-7,-2152,8585
2017-05-09 06:00:00,19,-2133,8592
2017-05-09 07:00:00,-4,-2137,8573
2017-05-10 01:00:00,-68,-2205,8577
2017-05-10 02:00:00,-46,-2251,8645
2017-05-10 03:00:00,11,-2240,8691
2017-05-10 04:00:00,0,-2240,8702
2017-05-10 05:00:00,-15,-2255,8702
2017-05-10 06:00:00,3,-2252,8687
2017-05-10 07:00:00,10,-2242,8690
2017-05-11 01:00:00,169,-2073,8700
2017-05-11 02:00:00,-4,-2077,8869
2017-05-11 03:00:00,18,-2059,8865
2017-05-11 04:00:00,-31,-2090,8847
2017-05-11 05:00:00,34,-2056,8878
2017-05-11 06:00:00,-30,-2086,8844
2017-05-11 07:00:00,-1,-2087,8874
2017-05-12 01:00:00,-91,-2178,8875
2017-05-12 02:00:00,-39,-2217,8784
2017-05-12 03:00:00,-59,-2276,8745
2017-05-12 04:00:00,-5,-2281,8686
2017-05-12 05:00:00,-7,-2288,8681
2017-05-12 06:00:00,-11,-2299,8674
2017-05-12 07:00:00,6,-2293,8663
2017-05-15 01:00:00,216,-2077,8657
2017-05-15 02:00:00,6,-2071,8441
2017-05-15 03:00:00,20,-2051,8435
2017-05-15 04:00:00,-72,-2123,8415
2017-05-15 05:00:00,-12,-2135,8487
2017-05-15 06:00:00,-6,-2141,8499
2017-05-15 07:00:00,2,-2139,8493
2017-05-16 01:00:00,-95,-2234,8495
2017-05-16 02:00:00,-13,-2247,8590
2017-05-16 03:00:00,11,-2236,8577
2017-05-16 04:00:00,-25,-2261,8566
2017-05-16 05:00:00,0,-2261,8591
2017-05-16 06:00:00,-3,-2264,8591
2017-05-16 07:00:00,1,-2263,8594
2017-05-17 01:00:00,-38,-2301,8593
2017-05-17 02:00:00,-2,-2303,8631
2017-05-17 03:00:00,-12,-2315,8633
2017-05-17 04:00:00,-34,-2349,8645
2017-05-17 05:00:00,3,-2346,8611
2017-05-17 06:00:00,-15,-2361,8608
2017-05-17 07:00:00,0,-2361,8623
2017-05-18 01:00:00,-370,-2731,8623
2017-05-18 02:00:00,-12,-2743,8253
2017-05-18 03:00:00,-40,-2783,8265
2017-05-18 04:00:00,-41,-2824,8305
2017-05-18 05:00:00,2,-2822,8264
2017-05-18 06:00:00,-38,-2860,8262
2017-05-18 07:00:00,-4,-2864,8300
2017-05-19 01:00:00,-64,-2928,8304
2017-05-19 02:00:00,1,-2927,8368
2017-05-19 03:00:00,-11,-2938,8369
2017-05-19 04:00:00,19,-2919,8358
2017-05-19 05:00:00,6,-2913,8377
2017-05-19 06:00:00,10,-2903,8371
2017-05-19 07:00:00,2,-2901,8381
2017-05-22 01:00:00,-164,-3065,8379
2017-05-22 02:00:00,31,-3034,8543
2017-05-22 03:00:00,3,-3031,8574
2017-05-22 04:00:00,-22,-3053,8577
2017-05-22 05:00:00,-15,-3068,8555
2017-05-22 06:00:00,5,-3063,8540
2017-05-22 07:00:00,0,-3063,8535
2017-05-23 01:00:00,44,-3019,8535
2017-05-23 02:00:00,51,-2968,8579
2017-05-23 03:00:00,8,-2960,8528
2017-05-23 04:00:00,3,-2957,8536
2017-05-23 05:00:00,-4,-2961,8539
2017-05-23 06:00:00,28,-2933,8535
2017-05-23 07:00:00,1,-2932,8507
2017-05-24 01:00:00,-47,-2979,8508
2017-05-24 02:00:00,39,-2940,8461
2017-05-24 03:00:00,6,-2934,8422
2017-05-24 04:00:00,23,-2911,8428
2017-05-24 05:00:00,16,-2895,8451
2017-05-24 06:00:00,-46,-2941,8467
2017-05-24 07:00:00,-1,-2942,8513
2017-05-25 01:00:00,190,-2752,8512
2017-05-25 02:00:00,115,-2637,8702
2017-05-25 03:00:00,59,-2578,8817
2017-05-25 04:00:00,-46,-2624,8876
2017-05-25 05:00:00,-36,-2660,8830
2017-05-25 06:00:00,-37,-2697,8794
2017-05-25 07:00:00,3,-2694,8831
2017-05-26 01:00:00,92,-2602,8834
2017-05-26 02:00:00,20,-2582,8926
2017-05-26 03:00:00,-25,-2607,8946
2017-05-26 04:00:00,-9,-2616,8921
2017-05-26 05:00:00,20,-2596,8912
2017-05-26 06:00:00,-37,-2633,8932
2017-05-26 07:00:00,2,-2631,8895
2017-05-29 01:00:00,-142,-2773,8897
2017-05-29 02:00:00,7,-2766,8755
2017-05-29 03:00:00,-8,-2774,8762
2017-05-29 04:00:00,-7,-2781,8754
2017-05-29 05:00:00,-6,-2787,8747
2017-05-29 06:00:00,-2,-2789,8741
2017-05-29 07:00:00,-7,-2796,8739
2017-05-30 01:00:00,-157,-2953,8732
2017-05-30 02:00:00,1,-2952,8889
2017-05-30 03:00:00,9,-2943,8890
2017-05-30 04:00:00,34,-2909,8899
2017-05-30 05:00:00,66,-2843,8933
2017-05-30 06:00:00,-19,-2862,8999
2017-05-30 07:00:00,0,-2862,8980
2017-05-31 01:00:00,35,-2827,8980
2017-05-31 02:00:00,-8,-2835,9015
2017-05-31 03:00:00,23,-2812,9007
2017-05-31 04:00:00,-16,-2828,9030
2017-05-31 05:00:00,-8,-2836,9014
2017-05-31 06:00:00,-15,-2851,9006
2017-05-31 07:00:00,12,-2839,8991
2017-06-01 01:00:00,-19,-2858,9003
2017-06-01 02:00:00,-24,-2882,8984
2017-06-01 03:00:00,25,-2857,8960
2017-06-01 04:00:00,-18,-2875,8985
2017-06-01 05:00:00,-11,-2886,8967
2017-06-01 06:00:00,-29,-2915,8978
2017-06-01 07:00:00,-3,-2918,8949
2017-06-02 01:00:00,62,-2856,8946
2017-06-02 02:00:00,-35,-2891,9008
2017-06-02 03:00:00,-1,-2892,8973
2017-06-02 04:00:00,41,-2851,8974
2017-06-02 05:00:00,54,-2797,9015
2017-06-02 06:00:00,-67,-2864,9069
2017-06-02 07:00:00,-7,-2871,9002
2017-06-05 01:00:00,-233,-3104,8995
2017-06-05 02:00:00,-25,-3129,9228
2017-06-05 03:00:00,38,-3091,9203
2017-06-05 04:00:00,-100,-3191,9241
2017-06-05 05:00:00,-9,-3200,9141
2017-06-05 06:00:00,-9,-3209,9150
2017-06-05 07:00:00,-6,-3215,9141
2017-06-06 01:00:00,-108,-3323,9135
2017-06-06 02:00:00,-62,-3385,9027
2017-06-06 03:00:00,35,-3350,8965
2017-06-06 04:00:00,-45,-3395,8930
2017-06-06 05:00:00,-47,-3442,8975
2017-06-06 06:00:00,-78,-3520,9022
2017-06-06 07:00:00,-5,-3525,8944
2017-06-07 01:00:00,18,-3507,8949
2017-06-07 02:00:00,-18,-3525,8931
2017-06-07 03:00:00,17,-3508,8949
2017-06-07 04:00:00,-10,-3518,8932
2017-06-07 05:00:00,-9,-3527,8942
2017-06-07 06:00:00,12,-3515,8951
2017-06-07 07:00:00,2,-3513,8963
2017-06-08 01:00:00,20,-3493,8965
2017-06-08 02:00:00,-61,-3554,8985
2017-06-08 03:00:00,12,-3542,8924
2017-06-08 04:00:00,-8,-3550,8936
2017-06-08 05:00:00,-45,-3595,8928
2017-06-08 06:00:00,-59,-3654,8883
2017-06-08 07:00:00,3,-3651,8824
2017-06-09 01:00:00,-641,-4292,8821
2017-06-09 02:00:00,33,-4259,9462
2017-06-09 03:00:00,-17,-4276,9429
2017-06-09 04:00:00,1,-4275,9446
2017-06-09 05:00:00,51,-4224,9445
2017-06-09 06:00:00,-81,-4305,9394
2017-06-09 07:00:00,-1,-4306,9475
2017-06-12 01:00:00,263,-4043,9476
2017-06-12 02:00:00,-5,-4048,9213
2017-06-12 03:00:00,25,-4023,9218
2017-06-12 04:00:00,-22,-4045,9243
2017-06-12 05:00:00,5,-4040,9221
2017-06-12 06:00:00,-6,-4046,9216
2017-06-12 07:00:00,6,-4040,9222
2017-06-13 01:00:00,-89,-4129,9228
2017-06-13 02:00:00,-12,-4141,9139
2017-06-13 03:00:00,-39,-4180,9151
2017-06-13 04:00:00,21,-4159,9112
2017-06-13 05:00:00,-30,-4189,9133
2017-06-13 06:00:00,-26,-4215,9103
2017-06-13 07:00:00,-1,-4216,9077
2017-06-14 01:00:00,3,-4213,9078
2017-06-14 02:00:00,-6,-4219,9081
2017-06-14 03:00:00,-31,-4250,9075
2017-06-14 04:00:00,15,-4235,9044
2017-06-14 05:00:00,-7,-4242,9029
2017-06-14 06:00:00,47,-4195,9036
2017-06-14 07:00:00,1,-4194,8989
2017-06-15 01:00:00,90,-4104,8988
2017-06-15 02:00:00,42,-4062,8898
2017-06-15 03:00:00,9,-4053,8856
2017-06-15 04:00:00,-24,-4077,8847
2017-06-15 05:00:00,29,-4048,8871
2017-06-15 06:00:00,-13,-4061,8842
2017-06-15 07:00:00,-2,-4063,8855
2017-06-16 01:00:00,-203,-4266,8857
2017-06-16 02:00:00,-50,-4316,9060
2017-06-16 03:00:00,7,-4309,9110
2017-06-16 04:00:00,-32,-4341,9103
2017-06-16 05:00:00,29,-4312,9135
2017-06-16 06:00:00,-9,-4321,9106
2017-06-16 07:00:00,0,-4321,9115
2017-06-19 01:00:00,-80,-4401,9115
2017-06-19 02:00:00,7,-4394,9195
2017-06-19 03:00:00,1,-4393,9188
2017-06-19 04:00:00,-49,-4442,9187
2017-06-19 05:00:00,39,-4403,9236
2017-06-19 06:00:00,-16,-4419,9197
2017-06-19 07:00:00,-4,-4423,9213
2017-06-20 01:00:00,-210,-4633,9217
2017-06-20 02:00:00,-62,-4695,9427
2017-06-20 03:00:00,-16,-4711,9365
2017-06-20 04:00:00,-26,-4737,9381
2017-06-20 05:00:00,5,-4732,9355
2017-06-20 06:00:00,79,-4653,9350
2017-06-20 07:00:00,2,-4651,9271
2017-06-21 01:00:00,-28,-4679,9273
2017-06-21 02:00:00,36,-4643,9301
2017-06-21 03:00:00,11,-4632,9265
2017-06-21 04:00:00,51,-4581,9254
2017-06-21 05:00:00,42,-4539,9203
2017-06-21 06:00:00,-15,-4554,9161
2017-06-21 07:00:00,-6,-4560,9176
2017-06-22 01:00:00,-128,-4688,9182
2017-06-22 02:00:00,-5,-4693,9310
2017-06-22 03:00:00,-6,-4699,9315
2017-06-22 04:00:00,-49,-4748,9309
2017-06-22 05:00:00,62,-4686,9358
2017-06-22 06:00:00,36,-4650,9296
2017-06-22 07:00:00,10,-4640,9260
2017-06-23 01:00:00,-22,-4662,9250
2017-06-23 02:00:00,54,-4608,9228
2017-06-23 03:00:00,-7,-4615,9174
2017-06-23 04:00:00,-23,-4638,9181
2017-06-23 05:00:00,13,-4625,9204
2017-06-23 06:00:00,-15,-4640,9217
2017-06-23 07:00:00,-1,-4641,9232
2017-06-26 01:00:00,22,-4619,9233
2017-06-26 02:00:00,-19,-4638,9255
2017-06-26 03:00:00,-1,-4639,9236
2017-06-26 04:00:00,-13,-4652,9237
2017-06-26 05:00:00,0,-4652,9250
2017-06-26 06:00:00,1,-4651,9250
2017-06-26 07:00:00,7,-4644,9251
2017-06-27 01:00:00,24,-4620,9258
2017-06-27 02:00:00,33,-4587,9234
2017-06-27 03:00:00,-17,-4604,9201
2017-06-27 04:00:00,44,-4560,9184
2017-06-27 05:00:00,-4,-4564,9228
2017-06-27 06:00:00,22,-4542,9224
2017-06-27 07:00:00,1,-4541,9246
2017-06-28 01:00:00,28,-4513,9247
2017-06-28 02:00:00,-68,-4581,9275
2017-06-28 03:00:00,-43,-4624,9343
2017-06-28 04:00:00,-15,-4639,9300
2017-06-28 05:00:00,-13,-4652,9285
2017-06-28 06:00:00,73,-4579,9272
2017-06-28 07:00:00,6,-4573,9199
2017-06-29 01:00:00,-73,-4646,9193
2017-06-29 02:00:00,28,-4618,9266
2017-06-29 03:00:00,-4,-4622,9294
2017-06-29 04:00:00,-1,-4623,9290
2017-06-29 05:00:00,-39,-4662,9291
2017-06-29 06:00:00,1,-4661,9252
2017-06-29 07:00:00,-1,-4662,9251
2017-06-30 01:00:00,151,-4511,9252
2017-06-30 02:00:00,-4,-4515,9101
2017-06-30 03:00:00,17,-4498,9097
2017-06-30 04:00:00,-5,-4503,9080
2017-06-30 05:00:00,19,-4484,9085
2017-06-30 06:00:00,-26,-4510,9066
2017-06-30 07:00:00,-5,-4515,9092
2017-07-03 01:00:00,-8,-4523,9097
2017-07-03 02:00:00,-66,-4589,9089
2017-07-03 03:00:00,-12,-4601,9155
2017-07-03 04:00:00,-19,-4620,9143
2017-07-03 05:00:00,-30,-4650,9162
2017-07-03 06:00:00,-16,-4666,9132
2017-07-03 07:00:00,5,-4661,9116
2017-07-04 01:00:00,80,-4581,9111
2017-07-04 02:00:00,0,-4581,9031
2017-07-04 03:00:00,-8,-4589,9031
2017-07-04 04:00:00,34,-4555,9039
2017-07-04 05:00:00,0,-4555,9005
2017-07-04 06:00:00,16,-4539,9005
2017-07-04 07:00:00,2,-4537,8989
2017-07-05 01:00:00,104,-4433,8987
2017-07-05 02:00:00,18,-4415,8883
2017-07-05 03:00:00,-34,-4449,8865
2017-07-05 04:00:00,-14,-4463,8899
2017-07-05 05:00:00,-9,-4472,8913
2017-07-05 06:00:00,-40,-4512,8922
2017-07-05 07:00:00,5,-4507,8962
2017-07-06 01:00:00,-7,-4514,8957
2017-07-06 02:00:00,-26,-4540,8964
2017-07-06 03:00:00,-6,-4546,8990
2017-07-06 04:00:00,32,-4514,8996
2017-07-06 05:00:00,-16,-4530,8964
2017-07-06 06:00:00,16,-4514,8980
2017-07-06 07:00:00,-2,-4516,8964
2017-07-07 02:00:00,19,-4497,8966
2017-07-07 03:00:00,-12,-4509,8947
2017-07-07 04:00:00,12,-4497,8959
2017-07-07 05:00:00,15,-4482,8947
2017-07-07 06:00:00,-8,-4490,8932
2017-07-07 07:00:00,6,-4484,8940
2017-07-10 01:00:00,18,-4466,8934
2017-07-10 02:00:00,-28,-4494,8916
2017-07-10 03:00:00,7,-4487,8944
2017-07-10 04:00:00,-10,-4497,8937
2017-07-10 05:00:00,23,-4474,8947
2017-07-10 06:00:00,-6,-4480,8924
2017-07-10 07:00:00,2,-4478,8930
2017-07-11 01:00:00,-160,-4638,8928
2017-07-11 02:00:00,16,-4622,9088
2017-07-11 03:00:00,-8,-4630,9072
2017-07-11 04:00:00,7,-4623,9080
2017-07-11 05:00:00,-9,-4632,9073
2017-07-11 06:00:00,-22,-4654,9082
2017-07-11 07:00:00,-2,-4656,9104
2017-07-12 01:00:00,17,-4639,9106
2017-07-12 02:00:00,-12,-4651,9089
2017-07-12 03:00:00,-9,-4660,9101
2017-07-12 04:00:00,46,-4614,9092
2017-07-12 05:00:00,-14,-4628,9046
2017-07-12 06:00:00,10,-4618,9060
2017-07-12 07:00:00,4,-4614,9050
2017-07-13 01:00:00,-81,-4695,9046
2017-07-13 02:00:00,23,-4672,9127
2017-07-13 03:00:00,-4,-4676,9104
2017-07-13 04:00:00,17,-4659,9108
2017-07-13 05:00:00,-13,-4672,9091
2017-07-13 06:00:00,20,-4652,9104
2017-07-13 07:00:00,2,-4650,9084
2017-07-14 01:00:00,-15,-4665,9082
2017-07-14 02:00:00,6,-4659,9097
2017-07-14 03:00:00,0,-4659,9091
2017-07-14 04:00:00,1,-4658,9091
2017-07-14 05:00:00,-16,-4674,9090
2017-07-14 06:00:00,4,-4670,9106
2017-07-14 07:00:00,-4,-4674,9102
2017-07-18 01:00:00,-86,-4760,9106
2017-07-18 02:00:00,22,-4738,9192
2017-07-18 03:00:00,3,-4735,9170
2017-07-18 04:00:00,10,-4725,9167
2017-07-18 05:00:00,34,-4691,9157
2017-07-18 06:00:00,-20,-4711,9123
2017-07-18 07:00:00,-2,-4713,9143
2017-07-19 01:00:00,-78,-4791,9145
2017-07-19 02:00:00,-14,-4805,9223
2017-07-19 03:00:00,8,-4797,9237
2017-07-19 04:00:00,0,-4797,9229
2017-07-19 05:00:00,-4,-4801,9229
2017-07-19 06:00:00,-25,-4826,9233
2017-07-19 07:00:00,-2,-4828,9258
2017-07-20 01:00:00,-9,-4837,9260
2017-07-20 02:00:00,-18,-4855,9269
2017-07-20 03:00:00,25,-4830,9287
2017-07-20 04:00:00,-23,-4853,9262
2017-07-20 05:00:00,-2,-4855,9285
2017-07-20 06:00:00,2,-4853,9287
2017-07-20 07:00:00,4,-4849,9285
2017-07-21 01:00:00,55,-4794,9281
2017-07-21 02:00:00,34,-4760,9226
2017-07-21 03:00:00,-12,-4772,9192
2017-07-21 04:00:00,-21,-4793,9204
2017-07-21 05:00:00,17,-4776,9225
2017-07-21 06:00:00,-12,-4788,9208
2017-07-21 07:00:00,-4,-4792,9220
2017-07-24 01:00:00,-42,-4834,9224
2017-07-24 02:00:00,-17,-4851,9266
2017-07-24 03:00:00,-2,-4853,9283
2017-07-24 04:00:00,-41,-4894,9285
2017-07-24 05:00:00,-10,-4904,9244
2017-07-24 06:00:00,-22,-4926,9234
2017-07-24 07:00:00,0,-4926,9256
2017-07-25 01:00:00,10,-4916,9256
2017-07-25 02:00:00,44,-4872,9266
2017-07-25 03:00:00,0,-4872,9310
2017-07-25 04:00:00,18,-4854,9310
2017-07-25 05:00:00,-14,-4868,9328
2017-07-25 06:00:00,13,-4855,9314
2017-07-25 07:00:00,1,-4854,9327
2017-07-26 01:00:00,63,-4791,9328
2017-07-26 02:00:00,-39,-4830,9391
2017-07-26 03:00:00,-2,-4832,9352
2017-07-26 04:00:00,-19,-4851,9350
2017-07-26 05:00:00,15,-4836,9331
2017-07-26 06:00:00,-9,-4845,9346
2017-07-26 07:00:00,2,-4843,9337
2017-07-27 01:00:00,-39,-4882,9339
2017-07-27 02:00:00,22,-4860,9300
2017-07-27 03:00:00,22,-4838,9322
2017-07-27 04:00:00,-3,-4841,9344
2017-07-27 05:00:00,65,-4776,9341
2017-07-27 06:00:00,-26,-4802,9406
2017-07-27 07:00:00,-1,-4803,9380
2017-07-28 01:00:00,-121,-4924,9379
2017-07-28 02:00:00,-41,-4965,9258
2017-07-28 03:00:00,38,-4927,9217
2017-07-28 04:00:00,-10,-4937,9179
2017-07-28 05:00:00,-1,-4938,9189
2017-07-28 06:00:00,-20,-4958,9190
2017-07-28 07:00:00,-2,-4960,9170
2017-07-31 01:00:00,-9,-4969,9168
2017-07-31 02:00:00,3,-4966,9177
2017-07-31 03:00:00,13,-4953,9180
2017-07-31 04:00:00,-202,-5155,9193
2017-07-31 05:00:00,-84,-5239,8991
2017-07-31 06:00:00,-50,-5289,8907
2017-07-31 07:00:00,1,-5288,8957
